data-raw/migclim_example_data/MigClim_Example/hsMap1.asc
ncols         255
nrows         223
xllcorner     -10.499999661
yllcorner     34.000000248
cellsize      0.166666667
NODATA_value  -9999
[rows 40 to 79 of 223, columns 91 to 181 of 255]
-9999 -9999 -9999 -9999 -9999 -9999 -9999 -9999 -9999 -9999 -9999 -9999 -9999 -9999 -9999 -9999 -9999 -9999 -9999 -9999 -9999 -9999 -9999 -9999 -9999 -9999 -9999 -9999 -9999 -9999 -9999 -9999 -9999 -9999 -9999 346 348 349 352 354 354 357 357 358 361 362 362 361 362 363 366 364 363 361 359 359 357 354 354 354 354 359 362 364 367 368 376 378 382 387 388 390 390 391 391 392 391 392 392 393 392 389 388 383 376 373 366 356 354 351 350
-9999 -9999 -9999 -9999 -9999 -9999 -9999 -9999 -9999 -9999 -9999 -9999 -9999 -9999 -9999 -9999 -9999 -9999 -9999 -9999 -9999 -9999 -9999 -9999 -9999 -9999 -9999 -9999 -9999 -9999 -9999 -9999 -9999 353 349 349 350 347 348 351 355 358 358 361 362 362 362 361 363 361 364 365 363 360 359 358 360 358 357 356 358 357 359 361 364 371 375 378 379 382 386 387 389 389 392 391 390 391 390 389 390 388 387 380 376 367 359 355 351 349 348
-9999 -9999 -9999 -9999 -9999 -9999 -9999 -9999 -9999 -9999 -9999 -9999 -9999 -9999 -9999 -9999 -9999 -9999 -9999 -9999 -9999 -9999 -9999 -9999 -9999 -9999 -9999 -9999 -9999 -9999 -9999 -9999 353 353 350 350 348 348 347 352 356 358 359 362 364 365 364 367 364 363 362 365 366 363 360 354 354 355 359 357 361 359 360 360 364 367 371 374 378 381 386 387 389 389 390 390 388 391 389 389 388 386 380 380 372 362 357 352 350 348 347
-9999 -9999 -9999 -9999 -9999 -9999 -9999 -9999 -9999 -9999 -9999 -9999 -9999 -9999 -9999 -9999 -9999 -9999 -9999 -9999 -9999 -9999 -9999 -9999 -9999 -9999 -9999 -9999 -9999 -9999 -9999 353 355 353 352 351 349 348 352 355 358 361 364 364 365 367 367 366 365 361 364 364 364 363 361 356 354 355 354 358 357 357 360 359 361 363 368 373 376 380 384 385 386 389 389 389 388 388 389 387 386 384 378 375 365 360 353 349 346 346 344
-9999 -9999 -9999 -9999 -9999 -9999 -9999 -9999 -9999 -9999 -9999 -9999 -9999 -9999 -9999 -9999 -9999 -9999 -9999 -9999 -9999 -9999 -9999 352 352 -9999 -9999 -9999 -9999 354 356 352 352 351 349 350 352 354 356 357 361 363 364 366 368 367 366 365 365 361 360 360 360 358 356 356 357 356 356 354 356 358 360 362 364 363 369 373 374 380 383 384 384 387 385 388 388 389 386 386 385 382 377 370 361 354 349 347 345 343 344
-9999 -9999 -9999 -9999 -9999 -9999 -9999 -9999 -9999 -9999 -9999 -9999 -9999 -9999 -9999 -9999 -9999 -9999 -9999 -9999 -9999 -9999 351 350 353 350 352 -9999 354 355 355 354 352 352 352 -9999 356 360 361 362 365 366 369 368 371 369 367 366 364 362 360 360 359 358 355 355 355 356 358 359 359 359 363 365 363 368 366 374 377 379 380 380 382 384 385 385 385 385 383 382 381 377 371 359 356 349 345 345 341 342 341
-9999 -9999 -9999 -9999 -9999 -9999 -9999 -9999 -9999 -9999 -9999 -9999 -9999 -9999 -9999 -9999 -9999 -9999 -9999 347 349 -9999 348 351 350 351 351 352 354 354 356 354 352 354 357 357 362 363 364 365 366 368 367 369 371 370 370 366 364 362 363 359 358 360 357 356 356 357 358 358 362 363 365 368 365 370 374 377 379 378 381 380 380 380 383 382 382 382 380 378 376 371 361 355 348 344 341 340 -9999 -9999 -9999
-9999 -9999 -9999 -9999 -9999 -9999 -9999 -9999 -9999 -9999 -9999 -9999 -9999 -9999 -9999 -9999 -9999 -9999 -9999 -9999 347 350 350 350 353 351 352 355 358 356 357 360 358 360 362 363 366 366 365 366 369 370 371 370 370 371 368 367 365 364 363 361 360 359 357 357 357 356 358 361 362 364 366 367 371 369 372 375 378 378 380 379 377 377 377 376 375 374 374 370 370 361 353 346 342 341 339 -9999 -9999 -9999 -9999
-9999 -9999 -9999 -9999 -9999 -9999 -9999 -9999 -9999 -9999 -9999 -9999 -9999 -9999 -9999 -9999 -9999 344 344 345 347 348 350 351 355 355 355 356 358 359 363 364 362 365 365 366 367 366 365 365 367 368 369 370 371 372 370 371 368 365 364 365 363 364 362 360 361 361 359 363 364 367 370 373 372 374 373 376 375 376 375 377 375 373 374 371 369 367 363 359 353 350 346 341 -9999 -9999 -9999 -9999 -9999 -9999 -9999
-9999 -9999 -9999 -9999 -9999 -9999 -9999 -9999 -9999 -9999 -9999 -9999 -9999 -9999 338 341 341 344 345 344 347 347 352 353 355 359 360 363 364 363 364 366 366 367 367 368 367 366 365 366 369 371 369 368 371 372 370 369 367 367 365 362 363 363 362 361 361 362 364 367 368 369 372 373 375 372 376 376 376 375 375 371 372 372 374 369 365 362 353 347 344 343 341 -9999 -9999 -9999 -9999 -9999 -9999 -9999 -9999
-9999 -9999 -9999 -9999 -9999 -9999 -9999 -9999 -9999 -9999 -9999 -9999 343 341 339 337 338 340 341 343 345 351 352 356 358 361 364 365 366 368 368 366 367 367 369 367 368 367 366 367 366 368 368 368 369 370 369 367 366 365 364 363 364 364 362 364 366 366 367 367 368 373 372 374 376 376 376 374 374 370 372 366 365 366 366 364 360 353 345 341 340 -9999 -9999 -9999 -9999 -9999 -9999 -9999 -9999 -9999 -9999
-9999 -9999 -9999 -9999 -9999 -9999 -9999 -9999 -9999 344 342 343 343 341 341 342 341 339 344 345 348 353 357 360 361 362 364 365 367 367 368 367 367 366 366 366 366 367 365 367 373 368 367 367 369 369 368 366 367 365 365 365 367 365 366 366 369 369 372 373 372 374 375 377 377 376 372 374 371 366 366 365 363 357 355 359 351 346 341 343 -9999 -9999 -9999 -9999 -9999 -9999 -9999 -9999 -9999 -9999 -9999
-9999 -9999 -9999 -9999 -9999 -9999 -9999 346 343 342 341 339 341 342 343 345 347 345 348 347 350 354 358 360 365 367 368 370 370 370 371 369 368 366 365 366 365 368 368 369 371 372 371 369 366 367 368 367 366 368 368 367 367 369 370 372 370 375 376 374 374 375 378 376 376 376 376 372 371 365 364 358 356 356 349 349 343 339 -9999 -9999 -9999 -9999 -9999 -9999 -9999 -9999 -9999 -9999 -9999 -9999 -9999
-9999 -9999 -9999 -9999 -9999 349 345 340 341 342 341 341 343 342 343 345 345 350 351 353 347 350 358 360 364 367 368 371 369 367 367 367 366 364 363 367 369 369 367 369 373 373 372 372 369 368 368 370 369 368 370 369 369 367 374 375 377 376 377 375 376 376 376 378 380 378 376 371 370 364 360 356 351 351 347 346 344 342 -9999 -9999 -9999 -9999 -9999 -9999 -9999 -9999 -9999 -9999 -9999 -9999 -9999
-9999 -9999 -9999 346 347 345 344 340 338 338 340 341 343 342 347 349 351 354 354 356 361 358 361 362 366 367 365 367 370 368 366 364 362 363 365 370 371 374 375 372 377 378 379 377 372 371 370 374 373 375 374 372 375 376 377 377 379 377 378 380 379 377 377 378 377 375 371 368 363 359 357 354 351 348 347 346 344 -9999 -9999 -9999 -9999 -9999 -9999 -9999 -9999 -9999 -9999 -9999 -9999 -9999 -9999
-9999 341 339 342 345 346 344 343 338 331 332 330 338 342 345 351 357 359 351 346 351 349 358 363 366 366 367 365 366 369 369 368 366 365 366 368 371 379 381 379 380 381 381 381 377 378 380 380 381 382 384 379 378 381 379 378 382 379 379 379 378 377 379 376 374 373 370 361 360 357 355 350 349 349 346 346 -9999 -9999 -9999 -9999 -9999 -9999 -9999 -9999 -9999 -9999 -9999 -9999 -9999 -9999 -9999
-9999 337 342 347 349 349 349 344 339 337 333 340 344 352 356 354 354 358 358 362 362 357 359 364 367 367 365 368 369 368 366 368 367 366 371 370 379 381 385 386 385 384 380 375 379 379 381 384 386 390 392 390 389 383 381 379 378 381 380 378 378 374 372 375 372 368 363 362 358 353 352 348 347 347 345 346 346 -9999 -9999 -9999 -9999 -9999 -9999 -9999 -9999 -9999 -9999 -9999 -9999 -9999 -9999
-9999 -9999 341 344 344 346 343 344 343 340 337 341 353 351 353 344 355 349 351 359 360 365 366 368 367 367 368 368 367 367 372 369 372 369 371 371 380 384 390 391 386 387 383 380 378 382 382 384 388 393 397 396 392 389 384 382 381 380 379 377 376 376 373 372 367 366 363 359 357 354 352 351 349 348 346 -9999 -9999 -9999 -9999 -9999 -9999 -9999 -9999 -9999 -9999 -9999 -9999 -9999 -9999 -9999 -9999
-9999 -9999 346 350 345 343 343 343 341 339 342 345 340 351 347 342 342 354 355 356 359 361 362 365 365 366 367 369 367 368 369 369 370 376 373 374 374 382 391 394 391 389 388 386 384 385 386 389 392 393 397 396 393 391 386 383 380 378 375 376 374 372 373 369 364 365 358 356 355 352 349 350 349 349 346 -9999 -9999 -9999 -9999 -9999 -9999 -9999 -9999 -9999 -9999 -9999 -9999 -9999 -9999 -9999 -9999
-9999 -9999 351 350 347 346 344 345 344 341 341 333 346 345 345 345 348 348 349 359 359 359 360 363 367 367 369 368 367 369 370 369 375 379 379 375 379 379 387 396 403 394 393 390 387 391 391 394 394 394 394 395 395 392 389 385 381 378 374 373 374 370 368 367 365 362 358 357 355 352 351 350 350 349 348 -9999 -9999 -9999 -9999 -9999 -9999 -9999 -9999 -9999 -9999 -9999 -9999 -9999 -9999 -9999 -9999
339 344 348 350 343 346 343 345 342 338 336 335 347 344 347 355 352 352 356 358 361 363 362 363 370 373 379 368 368 369 366 370 369 376 386 383 383 387 389 395 403 401 394 391 389 391 394 398 395 394 392 393 392 389 386 383 380 379 374 375 371 372 368 364 362 360 357 356 355 354 353 354 351 351 352 -9999 -9999 -9999 -9999 -9999 -9999 -9999 -9999 -9999 -9999 -9999 -9999 -9999 -9999 -9999 -9999
-9999 345 344 344 346 349 348 345 345 342 342 347 348 349 349 354 359 361 362 362 362 361 363 363 363 367 368 371 367 368 369 370 376 377 379 384 389 390 394 393 400 401 401 396 396 395 396 395 395 395 394 391 391 386 384 382 376 376 373 374 372 369 368 363 360 358 357 355 355 354 353 353 351 352 351 351 -9999 -9999 -9999 -9999 -9999 -9999 -9999 -9999 -9999 -9999 -9999 -9999 -9999 -9999 -9999
-9999 346 348 348 344 345 345 342 340 344 337 340 346 350 352 359 361 360 362 360 361 362 361 363 366 367 366 364 363 369 373 371 373 381 374 382 389 392 394 398 398 399 400 399 396 398 397 395 394 393 392 389 384 385 381 381 376 377 372 372 371 370 365 362 359 356 354 354 355 354 353 354 352 351 352 354 -9999 -9999 -9999 -9999 -9999 -9999 -9999 -9999 -9999 -9999 -9999 -9999 -9999 -9999 -9999
-9999 -9999 354 349 342 335 342 335 328 329 332 337 343 344 352 356 364 363 363 363 361 360 361 359 363 362 367 362 363 362 371 374 374 381 378 377 377 377 382 395 390 391 391 398 397 395 394 393 392 394 391 386 383 381 380 380 375 373 373 369 371 368 365 364 359 356 355 355 356 354 354 354 352 352 353 353 355 354 -9999 354 -9999 -9999 -9999 -9999 -9999 -9999 -9999 -9999 -9999 -9999 -9999
-9999 -9999 352 351 332 328 334 329 321 319 333 338 344 351 341 354 358 360 361 362 362 362 360 361 360 360 360 362 364 365 361 364 374 374 380 370 371 373 384 385 389 391 392 394 393 391 389 392 390 391 387 385 380 375 377 373 371 372 367 370 369 367 364 361 360 357 356 356 354 355 355 354 354 353 353 355 354 353 354 355 353 -9999 354 -9999 -9999 -9999 -9999 -9999 -9999 -9999 -9999
-9999 -9999 349 347 339 335 328 322 315 316 341 339 356 357 356 359 360 361 362 363 364 363 361 361 360 359 361 360 361 366 369 372 374 377 371 369 370 374 383 384 385 386 386 389 390 387 388 388 387 388 385 380 380 377 371 371 371 368 369 367 368 365 365 362 360 359 357 354 354 354 355 354 353 354 354 353 354 353 354 353 354 354 352 352 -9999 -9999 -9999 -9999 -9999 345 344
-9999 -9999 -9999 350 347 341 336 332 320 328 347 341 357 360 360 360 362 363 362 364 362 361 362 360 358 359 360 360 366 373 374 372 378 377 368 368 374 372 376 377 379 378 377 379 382 381 381 381 383 381 379 377 375 373 372 372 370 368 367 368 366 364 366 362 359 358 356 355 355 356 355 354 352 354 354 353 354 352 354 355 355 353 353 353 351 -9999 -9999 -9999 -9999 -9999 -9999
-9999 -9999 -9999 348 344 341 335 328 325 330 337 341 354 354 360 359 362 360 364 364 362 362 360 360 356 357 357 358 365 367 369 374 364 375 374 376 376 374 375 375 372 375 373 373 378 379 381 380 377 374 377 372 373 371 371 370 369 368 369 368 368 366 362 362 359 359 356 356 356 356 354 353 354 354 353 354 353 353 354 354 354 355 354 354 353 348 -9999 -9999 -9999 -9999 -9999
-9999 -9999 -9999 345 343 -9999 340 333 325 324 333 345 347 355 357 356 358 360 360 363 359 358 360 355 355 355 361 356 357 363 368 373 370 379 381 380 378 373 373 373 372 370 371 372 376 378 377 377 374 374 376 374 374 371 369 368 369 367 368 365 365 364 363 362 361 358 357 356 355 355 353 355 354 355 353 355 355 355 355 355 356 356 355 353 352 346 346 -9999 -9999 -9999 -9999
-9999 -9999 -9999 337 340 339 338 338 332 323 328 334 341 350 352 351 355 361 358 356 358 356 355 353 355 356 362 367 358 359 364 364 371 379 381 378 379 376 372 370 368 367 368 371 369 370 372 372 374 373 370 367 368 368 369 367 367 367 365 364 365 365 365 363 362 361 359 357 357 356 354 355 355 354 355 356 356 354 355 355 356 356 357 353 -9999 -9999 -9999 -9999 -9999 -9999 -9999
-9999 -9999 -9999 337 337 337 339 346 341 332 331 339 349 352 354 350 353 358 356 355 353 351 352 351 352 353 367 364 353 355 356 361 369 375 377 -9999 377 375 371 369 366 365 364 367 365 368 364 367 367 369 368 367 366 363 365 367 364 366 365 365 364 363 361 362 362 361 359 359 357 357 356 355 356 356 355 356 357 356 356 357 357 354 353 352 -9999 -9999 -9999 -9999 -9999 -9999 -9999
-9999 -9999 -9999 343 342 -9999 -9999 350 347 340 338 341 349 349 351 351 353 356 355 355 353 354 350 350 351 352 361 368 363 362 359 363 365 368 370 -9999 372 372 370 365 364 362 363 364 362 365 363 363 364 365 366 364 363 365 365 367 367 366 367 366 365 364 366 363 363 362 361 360 359 357 356 357 358 357 356 358 356 357 354 356 356 354 352 349 -9999 -9999 -9999 -9999 -9999 -9999 -9999
-9999 -9999 -9999 -9999 -9999 -9999 347 348 348 342 341 342 347 345 351 352 355 353 356 354 350 352 350 348 347 353 360 360 359 359 360 360 364 362 -9999 -9999 -9999 367 366 366 365 363 361 361 360 362 360 363 363 364 362 363 363 362 363 364 366 366 364 362 363 362 363 363 362 362 360 360 358 357 357 356 357 357 358 357 357 355 354 355 353 352 347 -9999 -9999 -9999 -9999 -9999 -9999 -9999 -9999
-9999 -9999 -9999 -9999 -9999 349 345 348 345 346 344 347 345 346 348 350 352 353 350 351 351 348 348 348 347 351 357 359 359 359 -9999 -9999 -9999 -9999 -9999 -9999 -9999 -9999 -9999 367 363 360 360 359 359 359 361 362 363 363 363 363 362 362 363 364 364 362 362 361 361 361 361 360 360 360 359 358 357 358 358 357 358 357 357 357 355 354 355 352 -9999 -9999 -9999 -9999 -9999 -9999 -9999 -9999 -9999 -9999 -9999
-9999 -9999 -9999 -9999 -9999 349 345 345 349 347 343 343 342 345 348 349 349 350 349 349 349 349 347 348 350 351 357 358 -9999 -9999 -9999 -9999 -9999 -9999 -9999 -9999 -9999 -9999 -9999 364 363 363 360 360 359 361 362 361 363 363 363 365 363 363 363 363 362 363 362 362 362 361 360 361 360 359 359 358 358 358 357 357 357 357 356 356 353 -9999 -9999 -9999 -9999 -9999 -9999 -9999 -9999 -9999 -9999 -9999 -9999 -9999 -9999
-9999 -9999 -9999 -9999 -9999 -9999 342 343 346 346 342 341 342 343 345 349 349 348 349 349 348 350 350 351 352 356 358 -9999 -9999 -9999 -9999 -9999 -9999 -9999 -9999 -9999 -9999 -9999 -9999 364 364 362 361 362 361 361 364 363 363 363 362 363 363 363 361 362 362 363 361 361 361 362 361 360 358 358 359 358 358 359 358 358 358 356 -9999 -9999 -9999 -9999 -9999 -9999 -9999 -9999 -9999 -9999 -9999 -9999 -9999 -9999 -9999 -9999 -9999
-9999 -9999 -9999 -9999 -9999 -9999 -9999 348 343 339 343 343 344 344 345 347 349 348 347 350 348 346 349 354 355 -9999 -9999 -9999 -9999 -9999 -9999 -9999 -9999 -9999 -9999 -9999 -9999 -9999 -9999 363 364 366 364 363 364 363 362 363 363 361 363 362 361 360 358 360 359 361 360 360 361 360 360 359 359 358 359 358 357 356 358 358 359 -9999 -9999 -9999 -9999 -9999 -9999 -9999 -9999 -9999 -9999 -9999 -9999 -9999 -9999 -9999 -9999 -9999 -9999
-9999 -9999 -9999 -9999 -9999 -9999 -9999 -9999 -9999 -9999 342 346 346 343 346 347 348 348 348 349 349 347 353 -9999 -9999 -9999 -9999 -9999 -9999 -9999 -9999 -9999 -9999 -9999 -9999 -9999 -9999 -9999 -9999 -9999 364 364 365 365 365 365 364 364 363 364 362 363 360 362 359 360 360 360 360 359 359 360 359 359 359 359 357 357 359 357 359 359 357 -9999 -9999 -9999 -9999 -9999 -9999 -9999 -9999 -9999 -9999 -9999 -9999 -9999 -9999 -9999 -9999 -9999 -9999
-9999 -9999 -9999 -9999 -9999 -9999 -9999 -9999 -9999 -9999 -9999 -9999 346 345 346 348 348 346 346 346 -9999 -9999 -9999 -9999 -9999 -9999 -9999 -9999 -9999 -9999 -9999 -9999 -9999 -9999 -9999 -9999 -9999 -9999 -9999 -9999 -9999 365 364 365 366 363 363 363 363 365 362 360 360 359 359 359 358 359 358 360 359 358 357 359 359 358 357 358 358 358 357 358 357 -9999 -9999 -9999 -9999 -9999 -9999 -9999 -9999 -9999 -9999 -9999 -9999 -9999 -9999 -9999 -9999 -9999 -9999
-9999 -9999 -9999 -9999 -9999 -9999 -9999 -9999 -9999 -9999 -9999 -9999 -9999 -9999 -9999 -9999 -9999 -9999 -9999 -9999 -9999 -9999 -9999 -9999 -9999 -9999 -9999 -9999 -9999 -9999 -9999 -9999 -9999 -9999 -9999 -9999 -9999 -9999 -9999 -9999 -9999 364 366 365 364 367 365 362 362 363 360 362 361 360 361 357 359 360 358 357 358 358 358 357 357 357 358 359 357 357 358 357 355 -9999 -9999 -9999 -9999 -9999 -9999 -9999 -9999 -9999 -9999 -9999 347 350 350 349 -9999 -9999 -9999
