data-raw/migclim_example_data/MigClim_Example/hsMap4.asc
ncols         255
nrows         223
xllcorner     -10.499999661
yllcorner     34.000000248
cellsize      0.166666667
NODATA_value  -9999
[rows 40 to 79 of 223, columns 91 to 181 of 255]
-9999 -9999 -9999 -9999 -9999 -9999 -9999 -9999 -9999 -9999 -9999 -9999 -9999 -9999 -9999 -9999 -9999 -9999 -9999 -9999 -9999 -9999 -9999 -9999 -9999 -9999 -9999 -9999 -9999 -9999 -9999 -9999 -9999 -9999 -9999 371 371 371 373 374 375 376 377 378 380 381 382 382 383 384 385 386 385 385 385 385 385 382 380 376 374 375 374 374 373 371 371 370 370 371 369 370 369 369 369 370 370 371 371 372 372 373 373 372 373 373 374 375 375 376 377
-9999 -9999 -9999 -9999 -9999 -9999 -9999 -9999 -9999 -9999 -9999 -9999 -9999 -9999 -9999 -9999 -9999 -9999 -9999 -9999 -9999 -9999 -9999 -9999 -9999 -9999 -9999 -9999 -9999 -9999 -9999 -9999 -9999 379 373 372 371 369 369 373 376 378 378 380 382 382 382 382 384 383 386 386 386 385 385 386 386 384 382 377 376 375 374 373 373 372 372 372 370 369 369 369 369 369 369 370 370 370 370 371 371 371 373 373 373 374 375 374 376 376 376
-9999 -9999 -9999 -9999 -9999 -9999 -9999 -9999 -9999 -9999 -9999 -9999 -9999 -9999 -9999 -9999 -9999 -9999 -9999 -9999 -9999 -9999 -9999 -9999 -9999 -9999 -9999 -9999 -9999 -9999 -9999 -9999 377 375 373 372 370 370 369 375 378 380 380 382 384 384 384 386 384 385 385 387 388 387 385 383 382 382 380 379 377 376 375 374 372 373 372 371 370 370 370 369 370 370 370 369 369 371 370 370 370 372 373 374 374 374 374 375 376 376 376
-9999 -9999 -9999 -9999 -9999 -9999 -9999 -9999 -9999 -9999 -9999 -9999 -9999 -9999 -9999 -9999 -9999 -9999 -9999 -9999 -9999 -9999 -9999 -9999 -9999 -9999 -9999 -9999 -9999 -9999 -9999 379 377 375 373 372 371 371 375 378 381 382 383 383 384 386 386 386 386 384 387 386 387 387 386 384 382 381 377 377 376 375 375 374 375 374 372 371 371 370 369 369 369 369 370 369 369 370 371 371 371 371 371 372 374 374 375 375 375 375 376
-9999 -9999 -9999 -9999 -9999 -9999 -9999 -9999 -9999 -9999 -9999 -9999 -9999 -9999 -9999 -9999 -9999 -9999 -9999 -9999 -9999 -9999 -9999 384 383 -9999 -9999 -9999 -9999 379 380 376 374 373 372 372 374 377 381 381 383 383 384 385 386 386 386 387 386 385 384 385 385 384 383 383 382 380 376 375 375 374 374 374 374 373 373 373 372 371 370 369 369 369 368 369 370 371 369 370 371 371 372 372 373 373 374 375 375 374 375
-9999 -9999 -9999 -9999 -9999 -9999 -9999 -9999 -9999 -9999 -9999 -9999 -9999 -9999 -9999 -9999 -9999 -9999 -9999 -9999 -9999 -9999 384 381 381 379 379 -9999 377 376 377 377 376 375 374 -9999 382 382 383 383 384 385 386 386 388 387 387 387 387 385 384 385 384 384 382 382 381 379 375 375 374 375 374 374 374 373 373 373 371 372 370 370 370 369 369 369 369 370 369 369 370 369 370 371 372 373 373 375 373 374 375
-9999 -9999 -9999 -9999 -9999 -9999 -9999 -9999 -9999 -9999 -9999 -9999 -9999 -9999 -9999 -9999 -9999 -9999 -9999 385 387 -9999 379 380 376 376 375 375 375 375 377 378 378 377 381 381 384 385 385 386 385 387 386 387 388 388 388 387 386 386 386 384 384 383 381 379 379 376 375 375 375 374 375 374 374 374 373 373 373 372 371 370 369 369 369 369 370 370 370 368 369 369 370 372 372 372 373 373 -9999 -9999 -9999
-9999 -9999 -9999 -9999 -9999 -9999 -9999 -9999 -9999 -9999 -9999 -9999 -9999 -9999 -9999 -9999 -9999 -9999 -9999 -9999 376 380 377 374 374 373 374 375 377 377 380 380 380 383 384 384 386 387 386 387 388 389 389 388 388 388 388 387 387 386 385 383 383 382 381 380 378 375 375 375 375 374 374 373 373 373 373 372 371 373 371 370 369 368 368 367 369 369 370 370 370 370 370 371 371 371 372 -9999 -9999 -9999 -9999
-9999 -9999 -9999 -9999 -9999 -9999 -9999 -9999 -9999 -9999 -9999 -9999 -9999 -9999 -9999 -9999 -9999 383 380 381 379 378 374 375 375 375 376 377 378 379 382 383 383 385 385 386 386 386 386 386 386 388 388 388 388 389 388 389 388 386 385 386 385 384 384 381 378 375 375 375 374 374 375 373 373 374 372 373 372 372 370 370 369 369 370 370 368 368 368 371 371 371 371 370 -9999 -9999 -9999 -9999 -9999 -9999 -9999
-9999 -9999 -9999 -9999 -9999 -9999 -9999 -9999 -9999 -9999 -9999 -9999 -9999 -9999 378 373 372 371 370 371 373 376 378 376 375 378 379 381 382 381 383 385 385 386 386 387 386 386 385 386 388 389 388 388 389 389 389 388 387 387 386 384 384 383 383 381 378 377 375 374 374 374 374 374 374 373 374 373 373 372 371 371 371 370 370 371 369 370 369 370 371 371 371 -9999 -9999 -9999 -9999 -9999 -9999 -9999 -9999
-9999 -9999 -9999 -9999 -9999 -9999 -9999 -9999 -9999 -9999 -9999 -9999 376 378 373 369 368 368 367 366 369 370 373 374 376 379 381 382 383 385 386 385 386 386 387 387 387 386 386 386 385 387 388 388 388 389 388 387 386 385 384 383 382 382 380 378 377 376 376 375 375 374 374 374 373 374 373 373 373 372 372 372 371 371 371 370 369 370 370 370 371 -9999 -9999 -9999 -9999 -9999 -9999 -9999 -9999 -9999 -9999
-9999 -9999 -9999 -9999 -9999 -9999 -9999 -9999 -9999 378 374 376 371 369 369 365 369 363 365 366 368 373 375 377 379 380 382 383 385 385 386 386 386 386 385 386 386 385 383 383 383 385 386 387 388 388 387 386 386 385 384 383 383 381 380 379 377 377 375 376 375 375 374 373 374 373 373 374 372 372 371 372 372 371 370 370 369 370 371 372 -9999 -9999 -9999 -9999 -9999 -9999 -9999 -9999 -9999 -9999 -9999
-9999 -9999 -9999 -9999 -9999 -9999 -9999 376 378 375 371 369 365 367 366 366 367 366 369 368 371 373 377 378 383 384 385 386 387 387 388 388 387 386 383 383 382 381 381 384 383 383 383 383 385 386 386 385 384 384 382 383 381 378 377 378 378 377 376 375 375 374 374 373 374 373 373 373 373 372 371 372 372 372 371 370 368 369 -9999 -9999 -9999 -9999 -9999 -9999 -9999 -9999 -9999 -9999 -9999 -9999 -9999
-9999 -9999 -9999 -9999 -9999 386 381 372 367 365 363 363 363 364 365 366 366 371 372 374 369 372 377 378 381 384 385 387 387 386 387 386 384 384 382 381 380 380 383 383 382 382 380 381 384 384 383 384 382 383 382 383 380 378 377 377 376 376 377 376 375 374 373 373 373 373 372 373 373 374 373 373 373 372 371 372 371 371 -9999 -9999 -9999 -9999 -9999 -9999 -9999 -9999 -9999 -9999 -9999 -9999 -9999
-9999 -9999 -9999 384 381 375 370 365 364 362 362 363 364 364 368 370 371 374 375 377 380 378 379 380 383 383 383 386 386 386 385 382 381 382 382 379 379 379 377 380 379 376 376 377 380 380 380 379 379 379 380 380 379 379 377 377 376 376 376 375 375 374 374 373 373 373 374 373 374 373 373 373 374 373 372 373 373 -9999 -9999 -9999 -9999 -9999 -9999 -9999 -9999 -9999 -9999 -9999 -9999 -9999 -9999
-9999 376 380 379 377 373 371 368 363 357 357 355 361 365 367 372 377 378 373 368 371 370 376 380 382 381 383 383 383 386 386 386 382 382 381 382 380 375 373 376 376 375 376 376 377 377 377 377 377 378 377 379 378 377 377 377 376 375 375 375 374 374 374 374 374 373 373 374 374 374 375 374 373 374 374 374 -9999 -9999 -9999 -9999 -9999 -9999 -9999 -9999 -9999 -9999 -9999 -9999 -9999 -9999 -9999
-9999 386 378 377 374 373 372 368 363 361 358 363 366 373 376 375 375 378 378 381 381 378 378 382 383 381 380 379 380 380 381 382 382 382 381 378 375 373 373 373 373 374 375 376 377 377 377 377 376 375 375 375 377 376 376 376 375 375 375 375 375 375 375 374 374 374 374 374 374 375 375 374 374 375 374 377 378 -9999 -9999 -9999 -9999 -9999 -9999 -9999 -9999 -9999 -9999 -9999 -9999 -9999 -9999
-9999 -9999 385 383 376 374 370 368 367 364 362 365 374 373 375 368 376 371 373 379 380 383 384 385 384 381 382 379 381 380 378 379 378 379 381 379 376 373 374 374 374 375 375 376 376 377 377 377 377 375 375 375 375 376 376 376 376 376 376 375 376 375 375 374 375 374 375 375 376 376 376 376 376 377 379 -9999 -9999 -9999 -9999 -9999 -9999 -9999 -9999 -9999 -9999 -9999 -9999 -9999 -9999 -9999 -9999
-9999 -9999 390 385 376 372 371 369 367 364 367 369 366 373 371 368 366 375 377 377 380 381 381 383 382 382 381 379 380 381 379 379 378 377 378 379 377 373 374 374 373 373 374 375 374 375 376 375 376 375 376 375 375 375 375 375 376 375 375 376 376 375 376 375 375 376 376 376 376 376 376 378 379 380 380 -9999 -9999 -9999 -9999 -9999 -9999 -9999 -9999 -9999 -9999 -9999 -9999 -9999 -9999 -9999 -9999
-9999 -9999 404 389 378 370 368 368 368 366 367 361 370 370 372 372 372 372 372 379 379 377 379 381 378 375 378 380 379 379 378 377 375 375 373 376 374 374 374 374 377 373 375 374 375 376 375 376 376 375 375 375 376 376 376 376 376 375 376 376 376 376 376 376 376 376 376 377 377 378 379 380 380 381 382 -9999 -9999 -9999 -9999 -9999 -9999 -9999 -9999 -9999 -9999 -9999 -9999 -9999 -9999 -9999 -9999
403 400 393 389 377 375 369 369 367 366 365 364 371 371 373 377 375 375 378 378 381 382 381 378 377 374 373 378 378 377 378 376 376 375 380 376 373 374 373 374 378 377 375 375 375 376 377 378 377 376 376 376 376 376 376 376 376 376 377 378 377 376 377 376 377 376 377 377 379 381 381 382 382 382 384 -9999 -9999 -9999 -9999 -9999 -9999 -9999 -9999 -9999 -9999 -9999 -9999 -9999 -9999 -9999 -9999
-9999 411 398 383 377 374 371 370 370 368 369 371 372 373 373 376 379 381 382 382 381 381 380 381 379 378 378 376 377 377 375 375 376 376 376 380 381 378 375 375 379 381 380 377 377 378 379 378 378 378 377 376 377 376 376 377 376 377 376 379 378 378 378 377 377 377 378 379 381 382 382 383 383 383 383 383 -9999 -9999 -9999 -9999 -9999 -9999 -9999 -9999 -9999 -9999 -9999 -9999 -9999 -9999 -9999
-9999 419 419 408 377 377 377 368 368 370 367 369 372 374 376 380 381 381 381 380 381 382 381 380 379 379 378 380 378 377 376 376 377 381 378 379 385 388 389 386 382 382 384 382 381 383 381 379 380 379 378 378 377 377 377 378 377 377 377 378 378 378 378 378 378 378 380 382 382 383 383 384 384 383 384 385 -9999 -9999 -9999 -9999 -9999 -9999 -9999 -9999 -9999 -9999 -9999 -9999 -9999 -9999 -9999
-9999 -9999 433 418 406 377 375 365 361 361 364 367 372 373 376 378 383 382 383 382 381 380 380 379 380 379 381 380 379 379 377 382 380 386 383 379 380 377 379 388 381 379 380 387 386 383 380 379 380 381 382 379 378 378 378 378 378 379 379 378 378 378 379 379 379 379 382 382 383 384 384 385 384 384 385 384 386 385 -9999 387 -9999 -9999 -9999 -9999 -9999 -9999 -9999 -9999 -9999 -9999 -9999
-9999 -9999 434 426 381 366 371 361 355 354 364 370 372 375 371 377 379 381 381 382 382 382 381 382 381 381 381 380 380 379 378 377 385 383 394 381 378 379 385 387 386 389 383 385 387 383 383 382 382 385 384 383 380 378 379 378 378 379 379 380 379 379 378 378 379 379 382 383 383 384 385 385 385 385 385 385 385 384 386 387 387 -9999 387 -9999 -9999 -9999 -9999 -9999 -9999 -9999 -9999
-9999 -9999 429 432 404 385 367 360 356 351 368 368 378 378 378 380 380 381 382 382 383 383 382 382 381 380 381 380 380 381 384 387 391 395 388 383 383 385 395 396 393 393 390 387 389 384 385 384 388 389 388 383 384 383 380 380 379 378 380 380 380 380 380 380 380 381 383 383 384 385 385 385 385 386 385 385 385 384 386 386 387 387 387 387 -9999 -9999 -9999 -9999 -9999 384 384
-9999 -9999 -9999 432 423 395 392 387 357 359 372 370 378 380 380 380 382 383 382 383 383 382 382 382 380 381 381 381 384 389 392 393 407 410 386 387 393 395 402 402 400 392 388 385 389 388 387 385 387 388 391 387 386 386 384 382 381 381 380 381 381 381 382 382 381 382 383 384 385 386 386 386 385 385 385 385 385 383 385 386 387 387 387 387 386 -9999 -9999 -9999 -9999 -9999 -9999
-9999 -9999 -9999 431 397 403 384 366 359 360 366 370 377 377 380 380 382 381 383 383 383 383 382 382 380 381 381 381 386 387 392 402 386 401 404 416 420 405 407 404 396 396 391 392 394 395 395 391 388 389 393 389 387 388 385 383 383 383 384 384 384 384 382 381 381 382 384 385 385 386 386 386 386 386 385 385 384 383 383 386 387 388 388 388 387 386 -9999 -9999 -9999 -9999 -9999
-9999 -9999 -9999 424 417 -9999 412 381 367 358 364 372 374 378 379 379 380 382 381 383 382 381 382 380 380 380 387 381 382 388 395 405 398 419 423 435 432 412 409 408 404 397 395 392 396 399 399 398 391 390 394 394 394 390 387 387 388 385 386 385 385 384 386 384 384 383 386 386 386 386 386 387 387 387 386 386 386 384 384 385 388 389 388 388 387 386 385 -9999 -9999 -9999 -9999
-9999 -9999 -9999 416 422 403 395 388 369 365 365 367 372 375 377 376 379 382 381 383 382 381 381 381 380 383 391 397 385 387 396 396 409 427 430 425 439 429 420 415 405 401 399 399 396 394 397 403 401 401 398 396 397 396 394 391 390 391 387 387 388 389 389 389 389 388 388 388 389 388 388 389 389 388 388 388 387 386 386 386 389 389 389 388 -9999 -9999 -9999 -9999 -9999 -9999 -9999
-9999 -9999 -9999 418 416 415 402 410 407 381 370 371 374 376 378 376 378 380 381 383 386 385 387 386 386 385 400 399 384 387 388 403 420 441 451 -9999 452 442 427 423 414 408 404 405 400 398 394 396 400 403 402 402 402 399 399 399 394 394 393 391 390 389 390 392 392 391 391 391 390 390 391 390 391 391 390 390 390 390 389 391 392 391 390 389 -9999 -9999 -9999 -9999 -9999 -9999 -9999
-9999 -9999 -9999 428 428 -9999 -9999 433 419 389 377 371 375 375 376 376 379 381 381 383 386 381 388 384 389 389 402 410 410 413 407 421 432 449 468 -9999 459 453 445 428 418 411 412 411 405 405 400 402 406 405 406 407 406 405 405 405 403 397 397 395 393 396 399 397 396 395 395 395 393 392 391 392 393 392 392 393 392 393 393 395 394 391 390 389 -9999 -9999 -9999 -9999 -9999 -9999 -9999
-9999 -9999 -9999 -9999 -9999 -9999 435 433 409 387 377 373 374 374 377 377 380 383 382 382 385 385 388 385 388 401 411 413 419 427 431 435 452 463 -9999 -9999 -9999 465 454 444 432 416 411 412 408 410 403 408 412 413 409 411 409 408 407 407 406 403 399 397 400 399 398 397 395 395 395 396 395 393 394 395 395 396 395 397 396 397 397 396 395 394 391 -9999 -9999 -9999 -9999 -9999 -9999 -9999 -9999
-9999 -9999 -9999 -9999 -9999 436 430 427 416 392 376 375 376 377 377 377 380 385 387 383 384 388 394 403 393 404 419 425 435 442 -9999 -9999 -9999 -9999 -9999 -9999 -9999 -9999 -9999 460 433 420 414 413 412 411 416 421 424 421 419 417 414 412 411 410 407 404 399 398 397 398 396 396 396 397 399 398 398 398 399 399 400 398 400 400 400 401 401 399 -9999 -9999 -9999 -9999 -9999 -9999 -9999 -9999 -9999 -9999 -9999
-9999 -9999 -9999 -9999 -9999 442 427 412 403 393 381 379 383 379 378 379 384 386 396 387 394 401 405 411 413 419 439 446 -9999 -9999 -9999 -9999 -9999 -9999 -9999 -9999 -9999 -9999 -9999 467 442 434 422 422 417 414 429 430 429 427 426 425 421 419 417 413 411 407 406 402 403 403 398 401 403 402 403 402 400 398 399 400 402 401 403 404 403 -9999 -9999 -9999 -9999 -9999 -9999 -9999 -9999 -9999 -9999 -9999 -9999 -9999 -9999
-9999 -9999 -9999 -9999 -9999 -9999 421 417 424 405 394 391 399 393 387 384 398 400 415 398 405 420 419 425 438 454 463 -9999 -9999 -9999 -9999 -9999 -9999 -9999 -9999 -9999 -9999 -9999 -9999 484 465 446 435 433 428 433 438 439 437 434 428 428 422 419 415 417 413 411 409 410 410 409 407 409 407 406 407 410 408 409 409 408 406 405 -9999 -9999 -9999 -9999 -9999 -9999 -9999 -9999 -9999 -9999 -9999 -9999 -9999 -9999 -9999 -9999 -9999
-9999 -9999 -9999 -9999 -9999 -9999 -9999 442 430 423 412 423 418 417 403 412 427 415 416 423 421 419 426 453 465 -9999 -9999 -9999 -9999 -9999 -9999 -9999 -9999 -9999 -9999 -9999 -9999 -9999 -9999 498 484 476 454 447 450 449 445 446 440 431 432 426 419 413 402 414 412 410 413 414 414 413 413 413 413 413 413 410 409 408 410 410 412 -9999 -9999 -9999 -9999 -9999 -9999 -9999 -9999 -9999 -9999 -9999 -9999 -9999 -9999 -9999 -9999 -9999 -9999
-9999 -9999 -9999 -9999 -9999 -9999 -9999 -9999 -9999 -9999 426 436 441 422 424 431 435 439 433 442 445 450 464 -9999 -9999 -9999 -9999 -9999 -9999 -9999 -9999 -9999 -9999 -9999 -9999 -9999 -9999 -9999 -9999 -9999 512 483 475 463 453 458 450 447 440 437 431 427 417 414 407 415 414 416 420 417 414 414 413 413 412 412 410 409 411 409 412 414 416 -9999 -9999 -9999 -9999 -9999 -9999 -9999 -9999 -9999 -9999 -9999 -9999 -9999 -9999 -9999 -9999 -9999 -9999
-9999 -9999 -9999 -9999 -9999 -9999 -9999 -9999 -9999 -9999 -9999 -9999 451 450 458 457 455 458 456 454 -9999 -9999 -9999 -9999 -9999 -9999 -9999 -9999 -9999 -9999 -9999 -9999 -9999 -9999 -9999 -9999 -9999 -9999 -9999 -9999 -9999 501 486 472 466 462 448 445 443 439 429 420 416 412 409 408 407 421 420 410 410 412 414 415 411 412 415 410 409 414 418 419 421 -9999 -9999 -9999 -9999 -9999 -9999 -9999 -9999 -9999 -9999 -9999 -9999 -9999 -9999 -9999 -9999 -9999 -9999
-9999 -9999 -9999 -9999 -9999 -9999 -9999 -9999 -9999 -9999 -9999 -9999 -9999 -9999 -9999 -9999 -9999 -9999 -9999 -9999 -9999 -9999 -9999 -9999 -9999 -9999 -9999 -9999 -9999 -9999 -9999 -9999 -9999 -9999 -9999 -9999 -9999 -9999 -9999 -9999 -9999 504 491 480 476 469 463 444 432 432 421 418 415 409 408 404 416 424 408 405 409 407 409 411 410 410 414 414 413 415 423 424 421 -9999 -9999 -9999 -9999 -9999 -9999 -9999 -9999 -9999 -9999 -9999 408 404 401 398 -9999 -9999 -9999
