data-raw/migclim_example_data/MigClim_Example/hsMap4.asc
ncols         255
nrows         223
xllcorner     -10.499999661
yllcorner     34.000000248
cellsize      0.166666667
NODATA_value  -9999
[rows 80 to 119 of 223, columns 91 to 181 of 255]
-9999 -9999 -9999 -9999 -9999 -9999 -9999 -9999 -9999 -9999 -9999 -9999 -9999 -9999 -9999 -9999 -9999 -9999 -9999 -9999 -9999 -9999 -9999 -9999 -9999 -9999 -9999 -9999 -9999 -9999 -9999 -9999 -9999 -9999 -9999 -9999 -9999 -9999 -9999 -9999 -9999 -9999 504 497 487 474 463 447 435 433 424 419 419 407 407 410 412 413 407 406 407 409 408 408 410 411 415 414 417 418 424 425 -9999 -9999 -9999 -9999 -9999 -9999 -9999 -9999 -9999 -9999 411 405 415 407 -9999 -9999 -9999 -9999 -9999
-9999 -9999 -9999 -9999 -9999 -9999 -9999 -9999 -9999 -9999 -9999 -9999 -9999 -9999 -9999 -9999 -9999 -9999 -9999 -9999 -9999 -9999 -9999 -9999 -9999 -9999 -9999 -9999 -9999 -9999 -9999 506 506 507 517 -9999 -9999 -9999 -9999 -9999 -9999 -9999 -9999 517 503 480 481 461 456 448 438 435 429 421 417 413 416 414 407 404 408 415 413 411 414 414 416 418 422 424 427 431 -9999 -9999 -9999 -9999 -9999 -9999 -9999 -9999 -9999 417 412 412 414 -9999 -9999 -9999 -9999 -9999 -9999
-9999 -9999 -9999 -9999 -9999 -9999 -9999 -9999 -9999 -9999 -9999 -9999 -9999 -9999 -9999 -9999 -9999 -9999 -9999 -9999 -9999 -9999 -9999 -9999 -9999 -9999 -9999 -9999 -9999 -9999 522 513 514 505 507 -9999 -9999 -9999 -9999 -9999 -9999 -9999 -9999 531 525 506 489 483 459 444 445 438 431 429 422 423 425 423 416 414 416 418 419 419 419 421 423 423 423 428 433 435 -9999 -9999 -9999 -9999 -9999 -9999 -9999 -9999 -9999 420 415 414 414 -9999 -9999 -9999 -9999 -9999 -9999
-9999 -9999 -9999 -9999 -9999 -9999 -9999 -9999 -9999 -9999 -9999 -9999 -9999 -9999 -9999 -9999 -9999 -9999 -9999 -9999 -9999 -9999 -9999 -9999 -9999 -9999 -9999 -9999 -9999 527 532 525 517 512 516 -9999 -9999 526 532 -9999 -9999 -9999 -9999 -9999 -9999 519 496 479 461 455 451 445 442 441 436 435 431 426 424 421 420 416 415 413 418 419 424 431 429 435 442 -9999 -9999 442 437 -9999 -9999 -9999 -9999 -9999 -9999 434 425 421 -9999 -9999 -9999 -9999 -9999 -9999 -9999
-9999 -9999 -9999 -9999 -9999 -9999 -9999 -9999 -9999 -9999 -9999 -9999 -9999 -9999 -9999 -9999 -9999 -9999 -9999 -9999 -9999 -9999 -9999 506 518 519 526 523 529 533 533 529 527 527 527 -9999 -9999 -9999 -9999 -9999 -9999 -9999 -9999 -9999 -9999 531 516 495 479 467 463 454 450 449 449 445 445 432 429 427 429 428 422 414 417 422 426 431 434 443 447 -9999 -9999 443 -9999 -9999 -9999 -9999 -9999 -9999 -9999 436 432 -9999 -9999 -9999 -9999 -9999 -9999 -9999 -9999
-9999 -9999 -9999 -9999 -9999 -9999 -9999 -9999 -9999 -9999 -9999 -9999 -9999 -9999 -9999 -9999 -9999 -9999 -9999 -9999 -9999 -9999 507 509 522 526 532 531 521 524 518 521 530 526 -9999 -9999 -9999 -9999 -9999 -9999 -9999 -9999 -9999 -9999 -9999 -9999 538 523 500 478 468 464 453 458 457 457 454 444 445 445 441 440 429 420 419 426 431 436 443 448 457 -9999 444 445 -9999 -9999 -9999 -9999 -9999 -9999 -9999 441 -9999 -9999 -9999 -9999 -9999 -9999 -9999 -9999 -9999
-9999 -9999 -9999 -9999 -9999 -9999 -9999 -9999 -9999 -9999 -9999 -9999 -9999 -9999 -9999 -9999 -9999 -9999 -9999 -9999 -9999 520 513 521 521 528 528 537 530 527 515 523 527 533 -9999 -9999 -9999 -9999 -9999 -9999 -9999 -9999 -9999 -9999 -9999 -9999 -9999 -9999 517 503 475 460 459 465 467 469 463 458 452 456 448 454 449 442 438 433 440 450 452 459 462 449 451 -9999 -9999 -9999 -9999 -9999 -9999 -9999 -9999 -9999 -9999 -9999 -9999 -9999 -9999 -9999 -9999 -9999 -9999
-9999 -9999 -9999 -9999 -9999 -9999 -9999 -9999 -9999 -9999 -9999 -9999 -9999 -9999 -9999 -9999 -9999 -9999 -9999 -9999 -9999 529 519 532 525 528 538 536 536 534 528 527 519 531 532 -9999 -9999 -9999 -9999 -9999 -9999 -9999 -9999 -9999 -9999 -9999 -9999 -9999 -9999 523 503 477 474 467 474 476 470 468 463 460 464 462 458 457 455 457 460 464 474 478 465 463 -9999 -9999 -9999 -9999 -9999 -9999 -9999 -9999 -9999 -9999 -9999 -9999 -9999 -9999 -9999 -9999 -9999 -9999 -9999
-9999 -9999 -9999 -9999 -9999 -9999 -9999 -9999 -9999 -9999 -9999 -9999 -9999 -9999 -9999 -9999 -9999 -9999 -9999 -9999 530 530 526 527 524 532 533 527 530 530 528 527 526 528 533 535 539 551 -9999 -9999 -9999 -9999 -9999 -9999 -9999 -9999 -9999 -9999 535 512 501 486 480 485 484 491 487 480 477 470 473 475 478 477 478 472 475 487 494 -9999 480 487 -9999 -9999 -9999 -9999 -9999 -9999 -9999 -9999 -9999 -9999 -9999 -9999 -9999 -9999 -9999 -9999 -9999 -9999 -9999
-9999 -9999 -9999 -9999 -9999 -9999 -9999 -9999 -9999 -9999 -9999 -9999 -9999 -9999 -9999 -9999 -9999 -9999 -9999 -9999 -9999 532 525 521 527 533 531 519 521 536 526 524 527 531 539 539 545 -9999 -9999 -9999 -9999 -9999 -9999 -9999 -9999 -9999 -9999 566 562 543 520 497 491 495 501 506 522 500 502 506 508 511 520 515 510 511 498 509 -9999 -9999 507 -9999 -9999 -9999 -9999 -9999 -9999 -9999 -9999 -9999 -9999 -9999 -9999 -9999 -9999 -9999 -9999 -9999 -9999 -9999 -9999
-9999 -9999 -9999 -9999 -9999 -9999 -9999 -9999 -9999 -9999 -9999 -9999 -9999 -9999 -9999 -9999 -9999 -9999 -9999 -9999 530 531 526 523 524 525 527 513 513 525 535 537 534 542 -9999 -9999 -9999 -9999 -9999 -9999 -9999 -9999 -9999 -9999 579 580 577 579 574 557 526 523 513 503 511 521 543 542 545 539 545 -9999 -9999 -9999 -9999 -9999 -9999 -9999 -9999 -9999 -9999 -9999 -9999 -9999 -9999 -9999 -9999 -9999 -9999 -9999 -9999 -9999 -9999 -9999 -9999 -9999 -9999 -9999 -9999 -9999 -9999
-9999 -9999 -9999 -9999 -9999 -9999 -9999 -9999 -9999 -9999 -9999 -9999 -9999 -9999 -9999 -9999 -9999 -9999 -9999 -9999 -9999 535 527 530 532 531 525 519 522 529 541 545 548 558 -9999 565 -9999 -9999 -9999 -9999 -9999 577 582 583 588 586 588 594 588 575 559 548 544 536 522 531 556 558 -9999 -9999 -9999 -9999 -9999 -9999 -9999 -9999 -9999 -9999 -9999 -9999 -9999 -9999 -9999 -9999 -9999 -9999 -9999 -9999 -9999 -9999 -9999 -9999 -9999 -9999 -9999 -9999 -9999 -9999 -9999 -9999 -9999
-9999 -9999 -9999 -9999 -9999 -9999 -9999 -9999 -9999 -9999 -9999 -9999 -9999 -9999 -9999 -9999 -9999 -9999 -9999 -9999 -9999 530 525 527 529 527 524 520 527 532 542 545 -9999 -9999 -9999 -9999 -9999 -9999 580 583 586 585 585 584 590 592 597 604 -9999 592 582 572 567 549 537 531 543 567 -9999 -9999 -9999 -9999 -9999 -9999 -9999 -9999 -9999 -9999 -9999 -9999 -9999 -9999 -9999 -9999 -9999 -9999 -9999 -9999 -9999 -9999 -9999 -9999 -9999 -9999 -9999 -9999 -9999 -9999 -9999 -9999 -9999
-9999 -9999 -9999 -9999 -9999 -9999 -9999 -9999 -9999 -9999 -9999 -9999 -9999 -9999 -9999 -9999 -9999 -9999 -9999 -9999 531 532 526 526 534 533 528 530 531 545 551 -9999 551 554 564 -9999 -9999 -9999 585 582 581 584 581 582 585 591 598 603 -9999 595 589 581 578 568 565 560 556 566 -9999 -9999 -9999 -9999 -9999 -9999 -9999 -9999 -9999 -9999 -9999 -9999 -9999 -9999 -9999 -9999 -9999 -9999 -9999 -9999 -9999 -9999 -9999 -9999 -9999 -9999 -9999 -9999 -9999 -9999 -9999 -9999 -9999
-9999 -9999 -9999 -9999 -9999 -9999 -9999 -9999 -9999 -9999 -9999 -9999 -9999 -9999 -9999 -9999 -9999 -9999 -9999 -9999 -9999 -9999 534 536 536 538 536 533 543 556 553 558 551 556 561 567 571 -9999 -9999 580 578 577 576 580 588 591 -9999 -9999 -9999 598 591 589 584 583 578 582 581 580 -9999 -9999 -9999 -9999 -9999 -9999 -9999 -9999 -9999 -9999 -9999 -9999 -9999 -9999 -9999 -9999 -9999 -9999 -9999 -9999 -9999 -9999 -9999 -9999 -9999 -9999 -9999 -9999 -9999 -9999 -9999 -9999 -9999
-9999 -9999 -9999 -9999 -9999 -9999 -9999 -9999 -9999 -9999 -9999 -9999 -9999 -9999 -9999 -9999 -9999 -9999 -9999 -9999 -9999 -9999 -9999 -9999 543 539 536 536 546 562 -9999 555 556 564 562 565 572 -9999 -9999 583 581 578 574 569 580 586 589 -9999 -9999 -9999 -9999 -9999 -9999 -9999 -9999 -9999 -9999 -9999 -9999 -9999 568 570 -9999 -9999 -9999 -9999 -9999 -9999 -9999 -9999 -9999 -9999 -9999 -9999 -9999 -9999 -9999 -9999 -9999 -9999 -9999 -9999 -9999 -9999 -9999 -9999 -9999 -9999 -9999 -9999 -9999
-9999 -9999 -9999 -9999 -9999 -9999 -9999 -9999 -9999 -9999 -9999 -9999 -9999 -9999 -9999 -9999 -9999 -9999 -9999 -9999 -9999 -9999 -9999 539 544 541 541 543 553 564 560 -9999 -9999 574 578 571 572 582 -9999 -9999 -9999 -9999 577 573 573 -9999 -9999 -9999 -9999 -9999 -9999 -9999 -9999 -9999 -9999 -9999 -9999 -9999 -9999 -9999 589 577 583 -9999 -9999 -9999 -9999 -9999 -9999 -9999 -9999 -9999 -9999 -9999 -9999 -9999 -9999 -9999 -9999 -9999 -9999 -9999 -9999 -9999 -9999 -9999 -9999 -9999 -9999 -9999 -9999
-9999 -9999 -9999 -9999 -9999 -9999 -9999 -9999 -9999 -9999 -9999 -9999 -9999 -9999 -9999 -9999 -9999 -9999 -9999 -9999 -9999 -9999 -9999 -9999 547 545 549 549 558 568 571 575 -9999 -9999 584 585 580 -9999 586 586 584 -9999 579 575 571 574 575 -9999 -9999 -9999 -9999 -9999 -9999 -9999 -9999 -9999 -9999 -9999 -9999 -9999 -9999 -9999 -9999 -9999 -9999 -9999 -9999 -9999 -9999 -9999 -9999 -9999 -9999 -9999 -9999 -9999 -9999 -9999 -9999 -9999 -9999 -9999 -9999 -9999 -9999 -9999 -9999 -9999 -9999 -9999 -9999
-9999 -9999 -9999 -9999 -9999 -9999 -9999 -9999 -9999 -9999 -9999 -9999 -9999 -9999 -9999 -9999 -9999 -9999 -9999 -9999 -9999 -9999 -9999 -9999 547 546 551 554 564 567 574 581 -9999 -9999 -9999 -9999 587 -9999 593 590 587 589 582 583 573 -9999 -9999 -9999 -9999 -9999 -9999 -9999 -9999 -9999 -9999 -9999 -9999 -9999 -9999 -9999 -9999 -9999 -9999 -9999 -9999 -9999 -9999 -9999 -9999 -9999 -9999 -9999 -9999 -9999 -9999 586 575 557 544 535 537 535 539 -9999 -9999 -9999 -9999 -9999 -9999 -9999 -9999
-9999 -9999 -9999 -9999 -9999 -9999 -9999 -9999 -9999 -9999 -9999 -9999 -9999 -9999 -9999 -9999 -9999 -9999 -9999 -9999 -9999 -9999 -9999 -9999 -9999 546 544 555 561 570 572 576 -9999 -9999 -9999 -9999 -9999 -9999 -9999 -9999 -9999 -9999 -9999 -9999 -9999 -9999 -9999 -9999 -9999 -9999 -9999 587 593 585 -9999 -9999 -9999 -9999 -9999 -9999 -9999 -9999 -9999 -9999 -9999 -9999 -9999 -9999 -9999 -9999 -9999 604 610 615 602 591 575 573 552 529 530 520 529 -9999 -9999 -9999 -9999 -9999 -9999 -9999 -9999
-9999 -9999 -9999 -9999 -9999 -9999 -9999 -9999 -9999 -9999 -9999 -9999 -9999 -9999 -9999 -9999 -9999 -9999 -9999 -9999 -9999 -9999 -9999 -9999 549 546 546 553 560 567 573 573 567 568 572 -9999 -9999 -9999 586 589 -9999 -9999 -9999 -9999 -9999 -9999 -9999 576 574 582 581 584 586 591 -9999 -9999 -9999 -9999 -9999 -9999 -9999 -9999 -9999 -9999 -9999 -9999 -9999 -9999 -9999 -9999 597 608 614 618 609 594 583 562 544 530 520 506 506 518 556 -9999 -9999 -9999 -9999 -9999 585
-9999 -9999 -9999 -9999 -9999 -9999 -9999 -9999 -9999 -9999 -9999 -9999 -9999 -9999 -9999 -9999 -9999 -9999 -9999 -9999 -9999 -9999 -9999 -9999 553 551 551 558 563 566 567 567 563 564 566 572 571 581 584 -9999 -9999 -9999 -9999 -9999 -9999 573 574 572 570 575 579 581 586 -9999 -9999 -9999 -9999 -9999 -9999 -9999 -9999 -9999 -9999 -9999 -9999 -9999 623 611 592 582 595 601 612 616 609 601 591 573 554 536 526 515 516 539 564 574 584 585 573 569 588
-9999 -9999 -9999 -9999 -9999 -9999 -9999 -9999 -9999 -9999 -9999 -9999 -9999 -9999 -9999 -9999 -9999 -9999 -9999 -9999 -9999 -9999 -9999 -9999 -9999 558 555 558 562 564 564 565 564 568 570 568 572 578 -9999 -9999 -9999 582 578 576 576 575 572 575 579 577 581 580 582 592 602 616 -9999 -9999 -9999 -9999 -9999 633 635 634 638 635 627 613 595 590 594 600 607 613 610 606 596 588 577 568 559 547 546 560 574 587 591 591 595 589 587
-9999 -9999 -9999 -9999 -9999 -9999 -9999 -9999 -9999 -9999 -9999 -9999 -9999 -9999 -9999 -9999 -9999 -9999 -9999 -9999 -9999 -9999 -9999 -9999 -9999 558 561 561 564 564 563 565 567 568 569 573 574 579 582 579 585 580 579 583 583 581 580 576 577 582 583 587 590 598 610 622 631 639 638 639 638 636 631 630 629 626 617 611 604 605 603 609 614 618 622 623 622 614 603 592 586 579 572 577 586 595 589 590 592 584 583
-9999 -9999 -9999 -9999 -9999 -9999 -9999 -9999 -9999 -9999 -9999 -9999 -9999 -9999 -9999 -9999 -9999 -9999 553 554 -9999 -9999 -9999 563 560 564 562 563 565 565 564 569 567 571 573 575 575 577 581 581 582 586 587 586 583 581 584 583 582 582 580 587 595 608 618 628 636 639 -9999 640 636 631 630 628 620 618 616 607 605 613 620 629 638 636 633 633 630 629 622 611 607 602 597 592 601 604 594 594 593 594 596
-9999 -9999 -9999 -9999 -9999 -9999 -9999 -9999 -9999 -9999 -9999 -9999 -9999 -9999 549 548 548 548 552 553 556 560 557 560 562 566 565 563 564 569 567 569 571 570 572 575 577 579 584 582 585 587 589 590 588 586 590 586 587 585 592 595 599 606 617 628 635 637 635 638 636 631 630 629 625 627 623 619 620 624 629 635 640 643 643 639 640 635 629 626 619 616 610 613 615 607 604 605 605 605 605
-9999 -9999 -9999 -9999 -9999 -9999 -9999 552 551 550 549 545 547 550 552 550 549 550 553 551 555 555 558 560 564 568 566 567 566 567 570 570 575 578 577 579 580 581 584 590 588 595 595 595 593 594 591 589 588 591 592 594 598 607 617 632 630 637 634 634 635 634 635 636 630 630 632 633 630 635 639 646 648 649 648 649 642 642 636 636 627 626 630 626 621 614 614 613 616 610 609
-9999 -9999 -9999 -9999 -9999 552 558 556 555 556 552 551 552 556 551 553 552 550 553 554 552 555 559 561 564 566 567 567 567 567 569 571 573 577 578 579 585 584 587 592 597 596 601 598 600 595 598 601 596 602 602 609 611 615 629 633 636 639 640 636 636 641 641 640 639 641 643 643 645 646 648 650 655 656 655 653 650 647 643 642 637 637 632 626 622 622 620 620 620 619 614
536 541 -9999 -9999 551 554 557 558 559 560 559 558 560 559 557 554 549 552 553 555 554 554 558 563 564 567 566 566 566 565 565 565 572 579 578 584 586 587 592 594 599 601 607 603 604 607 604 607 605 611 613 619 626 632 632 636 642 643 639 634 634 638 642 646 646 648 648 652 651 653 656 659 659 659 659 657 657 654 652 650 646 642 639 635 628 630 630 627 624 624 621
547 540 547 -9999 553 559 559 557 558 559 561 562 560 562 557 555 554 554 551 552 554 558 560 561 564 562 560 562 561 564 564 564 572 576 581 586 589 592 596 596 599 604 609 611 611 613 613 617 613 625 627 631 637 641 643 645 645 642 643 638 639 643 648 649 653 652 653 656 659 661 660 659 659 660 660 659 656 655 654 650 649 644 640 638 638 638 633 634 630 629 630
544 544 549 551 -9999 554 553 551 557 559 561 560 561 564 560 556 554 552 551 551 555 560 561 561 563 564 557 560 558 559 561 566 573 580 586 590 592 593 599 598 602 607 611 615 619 618 620 619 625 635 638 643 645 649 651 644 651 650 647 641 644 647 651 655 658 659 659 659 660 660 661 663 664 664 661 659 656 656 655 652 650 646 641 639 638 640 639 636 637 635 634
543 547 547 -9999 -9999 554 552 548 555 560 561 558 560 564 560 556 556 550 547 554 553 558 559 560 561 560 560 558 560 560 563 566 575 583 587 596 598 601 601 601 607 607 611 613 618 618 619 623 627 632 639 647 653 649 649 646 652 650 651 648 650 653 655 658 659 659 659 658 660 660 660 662 663 662 661 661 658 658 656 654 650 649 648 644 642 641 642 642 641 640 638
546 547 551 551 555 555 555 556 557 562 557 555 558 560 562 557 551 550 549 550 552 555 556 560 560 561 558 558 557 557 562 569 578 587 592 599 603 606 608 610 610 611 615 617 620 620 622 625 628 633 640 642 649 651 651 652 651 651 647 647 643 649 651 651 656 658 660 659 659 659 660 662 664 663 660 659 659 658 658 655 654 651 649 646 645 642 641 640 641 640 643
544 547 549 553 556 556 560 559 560 562 558 558 560 563 557 554 549 549 549 549 554 556 555 557 557 558 559 555 555 560 561 567 578 588 593 601 603 606 610 612 614 619 615 614 618 619 616 622 627 633 637 641 646 647 647 651 649 649 648 647 648 648 654 653 658 658 658 660 659 657 659 661 663 663 662 659 661 660 660 658 656 652 650 647 643 643 642 641 641 641 641
546 547 549 559 558 561 566 564 562 561 561 558 561 562 556 552 551 546 548 551 555 555 561 558 559 560 560 560 561 559 562 567 575 586 591 601 606 612 616 616 615 617 616 616 615 615 611 613 618 624 628 636 637 641 639 643 648 647 642 642 646 649 652 653 658 658 657 657 658 656 656 657 657 658 661 660 660 660 661 659 657 654 649 647 645 643 642 642 640 638 639
547 552 552 555 562 560 558 559 561 558 560 559 557 557 557 549 548 546 545 550 553 557 558 560 562 561 563 562 563 561 561 565 573 573 580 594 611 612 617 614 616 614 613 617 611 613 615 609 613 615 619 623 625 630 635 636 640 640 637 640 642 643 647 648 653 654 655 654 652 651 649 649 651 654 653 655 654 655 656 658 654 652 649 646 644 642 639 637 636 633 634
555 560 556 560 557 561 562 556 559 558 559 557 555 554 550 549 547 547 547 550 553 558 560 559 563 559 561 563 565 558 563 570 574 573 556 549 582 600 608 610 608 614 614 610 609 613 612 609 610 609 611 612 614 618 620 624 627 629 633 632 635 639 638 643 644 648 648 647 645 645 644 644 646 649 649 651 650 650 651 656 655 653 647 645 642 639 637 634 631 628 629
557 553 555 555 559 570 566 554 555 556 555 555 553 553 551 550 549 550 548 550 550 556 557 558 558 560 563 567 569 566 567 568 570 580 579 584 592 591 592 599 600 601 604 606 608 610 608 608 606 605 603 605 606 607 613 615 618 621 623 625 625 629 630 636 636 638 637 636 636 638 637 640 642 643 647 648 647 650 650 651 652 649 643 644 642 637 634 632 627 626 625
555 557 556 555 552 561 562 556 550 551 551 552 551 549 546 548 550 548 552 552 556 556 558 555 556 563 565 565 569 568 565 570 566 570 574 582 591 596 600 600 599 596 602 600 606 603 605 603 604 599 596 601 601 597 598 605 610 613 618 618 622 622 625 628 628 625 627 624 625 628 631 635 637 640 642 642 640 639 642 640 644 646 643 641 639 636 634 630 626 622 622
550 550 553 554 551 552 557 549 544 550 549 549 546 549 547 548 553 552 553 552 552 555 545 546 556 563 560 565 572 570 563 567 567 563 573 582 587 590 596 593 592 592 594 598 602 602 604 602 597 596 593 592 593 590 587 592 598 604 612 613 611 612 615 617 619 616 614 614 619 621 625 626 632 633 633 634 634 632 636 637 639 639 638 637 637 633 632 628 624 619 616
