data-raw/migclim_example_data/MigClim_Example/hsMap1.asc
ncols         255
nrows         223
xllcorner     -10.499999661
yllcorner     34.000000248
cellsize      0.166666667
NODATA_value  -9999
[rows 120 to 159 of 223, columns 91 to 181 of 255]
485 481 479 480 477 482 484 482 475 472 473 475 477 480 476 468 465 457 441 448 441 428 423 431 447 443 448 463 458 458 451 456 454 457 455 463 467 470 466 468 466 464 461 455 461 459 458 449 447 447 446 442 447 447 455 460 457 459 463 463 468 470 465 466 465 463 453 447 444 443 451 456 457 469 468 471 468 467 465 466 468 467 469 470 471 473 470 462 457 453 450
482 485 480 477 479 483 484 474 474 478 474 470 474 474 478 471 466 464 456 454 455 437 444 457 460 462 458 460 444 451 460 456 459 456 451 454 458 459 458 455 460 463 453 456 459 455 452 449 440 440 438 436 443 444 456 458 463 465 463 462 467 469 462 438 439 457 450 444 446 450 452 450 453 462 464 467 467 465 467 464 464 466 466 469 468 469 469 466 460 456 447
475 483 483 477 479 482 478 475 474 468 470 473 474 477 475 472 470 466 463 456 447 458 452 458 461 463 463 462 456 460 457 454 451 452 451 424 425 444 448 450 454 452 450 449 452 448 449 441 428 425 428 432 431 428 440 451 463 465 465 466 470 464 456 426 421 411 417 442 445 439 439 450 447 456 455 461 460 464 465 464 464 465 466 466 465 466 467 460 456 450 448
482 491 489 475 478 482 477 467 468 459 458 464 470 467 472 471 469 466 459 458 457 460 466 466 468 467 462 447 460 463 463 443 434 446 455 452 431 423 430 433 446 443 441 438 445 447 429 422 411 409 413 412 431 457 470 470 469 472 477 482 485 485 482 479 467 465 462 456 450 448 443 433 439 449 450 455 461 458 464 464 466 466 465 465 464 463 464 456 449 445 444
492 497 493 485 480 483 477 470 460 451 452 448 459 461 457 467 469 467 463 463 465 464 464 467 468 467 468 461 461 457 453 430 451 464 460 457 458 446 431 434 428 430 434 436 438 430 409 391 389 392 413 442 458 465 470 475 470 474 481 484 492 490 488 491 488 483 478 472 472 454 436 440 433 437 451 453 453 456 460 465 468 463 460 460 458 461 459 451 447 442 436
485 492 497 489 489 501 486 470 459 456 452 453 453 453 457 468 470 469 466 466 465 462 454 467 469 467 471 471 465 460 458 455 463 461 460 457 457 454 457 455 451 435 434 435 426 425 420 418 415 425 419 446 460 469 470 473 473 473 479 482 484 487 488 486 489 489 487 481 475 461 432 439 426 413 422 436 438 449 459 462 466 463 459 456 453 451 452 446 442 434 430
473 484 494 501 534 512 489 474 463 464 461 462 461 461 466 470 464 465 469 468 465 468 467 472 475 473 470 471 464 463 465 461 463 460 460 460 457 459 453 453 455 450 433 425 433 436 434 420 411 417 437 445 460 460 466 467 467 472 477 480 478 480 482 480 481 479 478 478 476 465 460 452 434 437 419 397 437 450 459 462 462 460 450 442 438 436 436 437 438 439 444
472 477 488 503 516 502 481 472 467 468 469 464 466 465 463 458 465 456 466 471 469 470 466 473 472 475 474 473 462 471 467 464 466 464 459 455 457 462 453 451 451 451 442 442 436 441 434 426 429 432 442 451 459 465 467 468 469 471 471 473 478 477 475 474 473 473 474 472 468 467 461 457 452 463 459 444 448 454 462 465 458 457 447 437 429 420 417 420 427 429 434
468 471 474 473 474 472 468 463 466 469 468 473 466 462 450 452 462 464 470 467 468 470 474 473 470 475 477 474 472 468 466 465 461 460 456 457 457 459 462 455 450 450 450 447 446 444 431 438 445 450 458 459 462 464 465 464 470 472 470 474 471 473 467 466 466 464 456 451 447 454 458 455 460 473 481 482 463 459 461 459 460 450 435 425 414 392 384 392 390 405 396
470 467 472 464 460 463 460 461 467 469 469 469 468 463 459 455 458 462 462 462 467 470 474 472 471 469 472 472 469 467 471 462 463 455 460 457 455 458 458 455 450 450 452 448 449 446 443 442 446 457 456 459 455 460 462 463 467 471 468 474 469 467 463 458 459 458 451 447 442 445 450 456 460 465 480 483 476 470 466 461 452 445 433 409 400 388 382 375 372 366 381
474 468 468 463 460 459 462 464 470 464 465 462 460 461 459 456 456 455 457 464 466 467 470 471 472 473 471 475 474 469 464 462 455 450 453 456 457 455 457 456 449 447 447 451 450 447 444 445 441 449 448 451 455 458 462 462 464 471 473 471 466 460 459 458 449 452 453 447 449 448 454 460 456 462 477 481 475 469 463 454 449 431 421 414 410 394 383 379 380 386 377
471 474 471 464 462 464 463 466 465 473 469 467 463 464 460 459 453 457 457 460 466 467 466 471 473 476 478 473 472 465 460 453 451 448 451 451 448 454 455 454 447 444 447 448 447 448 448 446 445 445 437 432 442 450 457 462 466 468 466 465 466 457 452 453 453 447 453 453 451 451 458 459 461 471 478 473 470 469 462 453 445 437 431 432 424 407 390 391 395 380 363
467 472 467 468 465 471 470 471 465 478 472 473 463 460 460 462 460 461 461 466 463 464 471 472 471 472 469 468 466 459 456 449 445 444 442 446 443 449 447 446 449 447 442 447 450 447 439 439 436 439 420 415 404 410 426 447 458 461 460 457 460 454 454 449 453 452 455 450 456 453 457 458 462 466 474 473 469 467 461 454 446 453 449 435 416 424 417 406 412 414 392
471 469 470 470 468 474 471 470 474 478 474 471 467 459 464 461 462 462 466 465 466 467 470 469 469 469 466 467 464 459 448 443 440 438 441 443 444 440 443 445 442 439 440 442 441 441 440 438 439 430 420 419 407 401 405 422 427 450 454 455 453 450 449 447 446 452 448 452 452 455 456 459 462 466 467 468 462 460 453 459 456 450 439 433 434 434 405 408 397 391 401
469 465 473 471 471 474 471 467 477 483 478 472 464 461 462 461 462 465 462 465 468 464 460 454 458 461 463 462 455 453 447 435 437 434 434 440 443 444 441 440 444 440 439 435 434 431 433 433 431 429 428 417 424 413 404 410 422 441 444 446 441 444 444 442 444 444 444 445 449 449 457 459 462 461 462 460 460 456 454 455 454 459 455 456 446 430 441 451 441 443 441
466 465 468 474 476 475 471 471 480 482 476 471 465 461 463 454 463 459 466 465 462 441 449 456 455 455 453 454 451 437 428 432 434 438 439 438 442 441 441 438 434 436 429 429 430 427 425 426 423 423 422 417 419 420 416 425 426 427 437 430 419 428 432 432 436 441 444 444 446 446 453 453 457 458 458 459 454 455 450 454 455 458 458 454 460 462 461 465 459 451 458
465 466 473 471 476 474 471 478 477 479 480 471 465 470 453 448 459 461 463 465 460 447 444 455 451 456 444 438 430 422 429 429 436 433 433 436 436 437 435 429 430 427 422 426 423 422 419 419 419 414 414 411 417 416 421 430 434 429 433 432 422 416 413 419 432 438 437 438 438 442 446 451 451 453 459 455 456 447 446 449 455 462 464 461 466 466 467 462 469 473 467
466 467 470 466 472 472 473 479 481 483 477 469 463 464 453 453 461 459 461 460 457 448 444 445 447 434 427 424 430 432 431 428 428 427 426 431 427 429 425 423 423 422 419 415 417 414 414 411 408 411 410 408 412 415 423 431 438 440 433 437 429 425 422 423 428 429 432 434 437 438 440 441 446 447 453 449 448 443 446 449 452 453 455 459 465 465 473 471 472 468 470
465 464 469 475 471 470 473 474 475 478 479 468 460 437 441 458 453 456 454 453 437 422 431 439 431 430 430 431 431 429 428 423 427 420 420 423 425 419 420 418 416 420 420 416 413 414 413 408 411 406 401 394 398 404 417 424 429 434 431 426 425 422 423 423 426 428 428 431 433 437 443 445 446 444 448 446 447 443 448 446 448 450 454 451 455 459 463 460 460 464 471
460 464 463 467 467 475 470 474 472 471 476 465 461 449 441 455 449 452 450 436 418 413 430 435 436 440 438 438 429 429 423 420 418 416 408 412 410 409 411 413 409 411 411 414 419 418 414 411 407 406 393 393 392 403 405 408 415 420 422 420 420 417 410 407 406 411 416 426 434 435 440 445 443 446 450 446 445 444 442 445 442 441 449 447 451 468 460 461 463 465 469
463 465 466 465 467 471 471 470 470 466 469 461 464 457 454 448 443 446 431 425 411 423 432 440 442 440 443 445 428 424 417 418 412 408 402 406 401 400 403 407 402 401 397 398 413 407 405 401 395 396 397 378 385 388 375 378 389 407 399 411 407 401 392 393 393 387 397 422 435 437 441 447 444 440 446 445 446 443 442 443 442 436 445 445 447 458 449 451 456 448 450
469 465 463 464 473 469 471 474 471 460 460 457 461 456 452 444 447 443 438 439 432 431 434 436 441 444 448 448 447 438 435 425 407 417 399 401 402 386 387 387 394 389 387 385 407 409 409 396 398 393 393 394 394 396 388 395 397 403 406 404 408 399 391 395 401 409 405 411 430 434 437 445 441 444 446 444 446 447 449 445 441 441 453 445 449 454 449 443 450 439 439
465 467 465 474 470 472 472 471 462 463 459 456 457 450 447 442 439 438 432 430 430 423 426 432 437 443 448 446 446 443 436 428 397 411 376 380 388 382 383 387 370 373 393 406 405 400 402 397 406 398 392 415 410 395 399 410 409 400 401 399 400 412 419 415 416 411 422 428 432 441 438 444 446 443 443 443 447 446 447 451 450 450 448 446 449 447 452 443 440 440 437
468 465 475 475 477 474 477 475 465 462 462 463 450 447 435 431 434 434 431 430 420 417 421 425 435 442 443 436 435 454 426 390 369 365 364 366 394 395 377 392 398 388 373 397 378 383 391 395 401 411 418 415 399 397 396 399 403 416 421 418 425 426 417 422 425 428 428 428 436 441 444 443 443 444 445 447 447 446 449 455 453 449 448 447 448 451 447 443 444 440 436
464 475 479 481 474 481 477 469 468 471 460 454 435 437 439 441 437 440 433 422 422 412 412 416 408 412 431 425 450 420 383 412 365 357 357 374 367 371 380 374 390 376 379 381 383 384 382 384 381 389 400 399 398 416 431 426 429 433 434 417 428 418 429 426 424 427 430 438 435 439 439 439 443 446 445 448 449 449 450 452 455 449 453 450 451 455 449 447 441 439 436
471 480 479 480 485 478 468 472 467 463 446 433 441 434 436 438 438 436 435 422 412 418 413 417 388 398 409 421 416 451 395 359 354 348 349 358 378 378 375 373 406 381 384 400 387 386 388 404 387 411 411 430 426 443 415 422 446 447 446 431 435 432 429 426 425 429 435 436 436 441 442 446 445 447 448 448 451 450 455 464 461 456 456 456 450 454 450 448 443 437 433
480 484 486 487 487 471 476 473 464 451 448 446 443 435 436 434 424 438 432 423 401 396 388 380 380 399 409 438 457 399 362 353 335 318 336 349 372 373 380 422 392 430 432 429 411 407 402 404 420 442 434 458 468 472 463 453 462 449 445 446 441 437 430 429 432 435 438 438 437 438 445 447 450 449 452 453 458 463 464 456 459 461 459 459 454 454 454 451 449 442 440
485 488 488 489 477 474 468 468 450 434 456 448 440 439 435 402 406 406 405 389 398 393 397 389 390 398 415 418 412 397 368 356 345 335 345 361 374 401 443 444 441 446 398 402 397 395 409 410 419 437 455 461 465 463 457 467 463 451 448 443 441 437 439 438 436 439 447 448 445 445 455 456 452 454 454 463 462 467 461 462 467 463 464 467 455 464 458 454 452 449 447
477 497 494 493 473 470 467 466 452 458 458 442 438 439 411 398 387 382 384 394 392 394 397 403 400 443 408 412 408 388 366 368 352 351 358 365 364 417 451 458 450 415 404 417 405 424 430 417 438 453 461 468 452 463 440 444 469 457 449 446 445 444 437 446 448 448 457 458 458 463 461 464 462 463 464 460 467 467 467 477 476 474 468 473 469 469 464 460 454 453 449
490 492 497 497 474 464 466 462 460 458 450 445 416 444 417 413 429 411 393 412 397 428 421 442 446 450 454 451 462 412 378 398 420 419 381 362 395 414 462 460 451 431 419 425 440 435 430 433 443 460 520 485 483 485 466 476 475 467 459 456 451 441 447 446 449 452 457 461 459 468 467 469 472 472 474 472 475 471 468 467 469 467 464 469 478 473 468 463 462 460 453
492 493 496 494 476 470 468 457 459 456 455 453 431 398 451 414 394 390 391 404 410 459 454 454 487 468 455 482 468 472 460 453 445 454 438 380 453 459 478 460 458 454 452 447 478 458 438 480 480 483 495 500 518 542 505 494 484 469 465 471 456 449 447 448 450 455 470 483 474 471 467 469 469 474 482 479 478 483 486 478 472 473 476 475 481 477 475 470 468 466 464
488 493 492 495 475 472 464 468 462 468 459 463 446 403 399 400 397 400 398 405 467 468 491 504 500 501 485 498 474 472 468 469 470 465 453 469 467 502 477 464 459 451 453 488 498 473 447 438 445 452 461 462 464 483 529 489 478 462 456 454 457 463 449 446 461 466 488 478 474 479 479 478 477 472 474 484 490 493 495 500 499 492 491 488 485 483 481 480 480 474 474
488 491 493 496 493 482 489 479 470 474 469 463 414 418 437 474 475 462 449 445 466 499 508 486 488 491 495 492 500 514 520 518 531 474 481 476 517 466 469 465 520 517 479 460 452 431 429 432 429 433 439 439 438 446 504 510 462 447 441 437 441 447 450 445 453 458 491 494 487 482 480 477 475 487 484 481 488 498 504 508 514 507 499 493 486 487 487 489 489 487 485
488 491 492 491 491 495 476 483 470 469 477 455 472 418 416 416 417 433 448 460 491 462 460 463 470 464 457 454 452 447 446 458 476 515 507 451 490 526 491 523 467 442 441 438 429 428 429 425 424 427 -9999 -9999 -9999 -9999 430 509 472 450 443 440 442 439 443 481 480 495 501 490 483 479 470 475 477 487 493 480 449 458 485 511 513 506 500 494 489 493 491 493 496 497 498
488 488 487 485 481 485 468 474 467 482 449 476 424 414 415 432 482 465 441 407 418 405 411 412 417 421 423 422 419 422 422 423 414 404 418 417 423 425 424 425 429 440 432 425 426 420 421 -9999 -9999 -9999 -9999 -9999 -9999 428 470 489 473 453 454 439 443 442 449 479 488 490 486 485 481 470 468 485 492 497 493 468 454 479 481 486 503 514 505 502 496 496 502 505 504 505 503
484 489 489 481 488 472 470 467 425 467 477 425 437 428 423 481 485 408 371 374 372 375 372 378 387 383 387 386 398 406 404 399 394 377 381 381 389 393 391 392 401 410 423 413 418 416 -9999 -9999 -9999 -9999 -9999 -9999 -9999 407 459 483 444 485 -9999 464 437 447 443 465 479 480 475 482 468 460 469 486 501 508 514 511 510 504 515 518 513 519 508 509 506 502 509 510 509 508 516
483 485 493 489 478 481 480 462 456 416 421 416 445 467 488 485 457 390 387 394 389 379 368 355 353 352 359 377 376 382 380 383 376 371 369 371 370 369 374 376 387 388 397 406 399 404 -9999 -9999 -9999 -9999 -9999 -9999 -9999 -9999 427 471 443 437 415 385 419 436 436 433 445 461 469 463 470 474 484 490 499 489 516 522 524 529 525 513 510 511 498 495 493 494 505 508 513 521 519
476 463 482 479 487 483 466 479 429 415 415 461 450 424 487 487 400 381 379 380 358 352 341 334 327 338 389 442 437 404 390 379 370 369 360 360 358 357 359 359 370 374 385 384 386 387 388 -9999 -9999 -9999 -9999 -9999 -9999 -9999 379 408 410 -9999 400 -9999 396 460 429 424 420 419 450 454 459 477 491 500 510 511 506 533 527 524 520 518 519 523 509 495 486 488 487 488 487 488 490
456 463 480 468 470 483 482 485 491 451 426 479 446 432 463 486 388 376 374 363 352 349 343 317 322 357 448 467 475 491 494 429 380 370 364 350 345 342 338 333 342 356 361 365 367 366 -9999 -9999 -9999 -9999 -9999 -9999 -9999 -9999 -9999 -9999 -9999 -9999 357 -9999 339 430 431 405 404 413 411 428 423 428 440 486 509 508 513 526 522 522 515 503 501 516 519 514 525 505 492 483 480 481 479
426 456 464 459 465 478 478 486 457 486 498 489 429 417 461 477 449 381 371 356 405 366 346 356 387 374 448 452 468 474 482 454 483 446 403 393 352 338 325 314 322 338 350 352 350 350 -9999 -9999 -9999 -9999 -9999 -9999 -9999 -9999 -9999 -9999 -9999 -9999 329 -9999 -9999 361 413 402 398 401 406 413 429 419 431 435 499 453 457 469 484 472 501 503 505 501 506 521 511 515 531 478 513 505 491
