data-raw/migclim_example_data/MigClim_Example/hsMap5.asc
ncols         255
nrows         223
xllcorner     -10.499999661
yllcorner     34.000000248
cellsize      0.166666667
NODATA_value  -9999
[rows 80 to 119 of 223, columns 91 to 181 of 255]
-9999 -9999 -9999 -9999 -9999 -9999 -9999 -9999 -9999 -9999 -9999 -9999 -9999 -9999 -9999 -9999 -9999 -9999 -9999 -9999 -9999 -9999 -9999 -9999 -9999 -9999 -9999 -9999 -9999 -9999 -9999 -9999 -9999 -9999 -9999 -9999 -9999 -9999 -9999 -9999 -9999 -9999 574 567 562 553 545 530 514 512 496 488 489 463 463 469 475 478 464 463 465 471 469 470 477 482 494 491 497 503 514 512 -9999 -9999 -9999 -9999 -9999 -9999 -9999 -9999 -9999 -9999 480 460 490 466 -9999 -9999 -9999 -9999 -9999
-9999 -9999 -9999 -9999 -9999 -9999 -9999 -9999 -9999 -9999 -9999 -9999 -9999 -9999 -9999 -9999 -9999 -9999 -9999 -9999 -9999 -9999 -9999 -9999 -9999 -9999 -9999 -9999 -9999 -9999 -9999 568 571 573 581 -9999 -9999 -9999 -9999 -9999 -9999 -9999 -9999 576 566 555 553 537 532 522 515 509 503 491 481 474 482 478 464 456 467 486 482 480 485 488 494 498 502 512 514 522 -9999 -9999 -9999 -9999 -9999 -9999 -9999 -9999 -9999 492 482 475 482 -9999 -9999 -9999 -9999 -9999 -9999
-9999 -9999 -9999 -9999 -9999 -9999 -9999 -9999 -9999 -9999 -9999 -9999 -9999 -9999 -9999 -9999 -9999 -9999 -9999 -9999 -9999 -9999 -9999 -9999 -9999 -9999 -9999 -9999 -9999 -9999 569 569 574 572 577 -9999 -9999 -9999 -9999 -9999 -9999 -9999 -9999 578 574 564 555 549 531 516 516 508 498 501 488 493 498 495 482 482 487 490 492 493 497 504 505 509 505 516 525 529 -9999 -9999 -9999 -9999 -9999 -9999 -9999 -9999 -9999 499 484 482 482 -9999 -9999 -9999 -9999 -9999 -9999
-9999 -9999 -9999 -9999 -9999 -9999 -9999 -9999 -9999 -9999 -9999 -9999 -9999 -9999 -9999 -9999 -9999 -9999 -9999 -9999 -9999 -9999 -9999 -9999 -9999 -9999 -9999 -9999 -9999 571 574 571 572 574 577 -9999 -9999 577 582 -9999 -9999 -9999 -9999 -9999 -9999 566 554 544 530 524 517 511 509 511 506 507 504 497 494 493 488 484 480 475 490 493 504 518 514 529 539 -9999 -9999 539 531 -9999 -9999 -9999 -9999 -9999 -9999 521 497 501 -9999 -9999 -9999 -9999 -9999 -9999 -9999
-9999 -9999 -9999 -9999 -9999 -9999 -9999 -9999 -9999 -9999 -9999 -9999 -9999 -9999 -9999 -9999 -9999 -9999 -9999 -9999 -9999 -9999 -9999 535 543 547 556 560 568 572 573 570 576 575 575 -9999 -9999 -9999 -9999 -9999 -9999 -9999 -9999 -9999 -9999 569 560 550 539 528 524 514 514 514 518 517 518 503 501 502 507 508 497 477 486 495 506 516 523 534 538 -9999 -9999 535 -9999 -9999 -9999 -9999 -9999 -9999 -9999 528 508 -9999 -9999 -9999 -9999 -9999 -9999 -9999 -9999
-9999 -9999 -9999 -9999 -9999 -9999 -9999 -9999 -9999 -9999 -9999 -9999 -9999 -9999 -9999 -9999 -9999 -9999 -9999 -9999 -9999 -9999 532 534 543 548 556 561 561 568 568 568 574 570 -9999 -9999 -9999 -9999 -9999 -9999 -9999 -9999 -9999 -9999 -9999 -9999 567 557 545 530 522 521 512 521 522 525 525 516 523 525 525 525 508 489 487 499 511 522 534 538 546 -9999 531 534 -9999 -9999 -9999 -9999 -9999 -9999 -9999 522 -9999 -9999 -9999 -9999 -9999 -9999 -9999 -9999 -9999
-9999 -9999 -9999 -9999 -9999 -9999 -9999 -9999 -9999 -9999 -9999 -9999 -9999 -9999 -9999 -9999 -9999 -9999 -9999 -9999 -9999 533 533 534 541 549 552 561 561 568 566 565 566 570 -9999 -9999 -9999 -9999 -9999 -9999 -9999 -9999 -9999 -9999 -9999 -9999 -9999 -9999 552 542 523 514 517 524 529 534 531 529 528 536 530 540 534 527 519 511 522 535 538 545 548 537 537 -9999 -9999 -9999 -9999 -9999 -9999 -9999 -9999 -9999 -9999 -9999 -9999 -9999 -9999 -9999 -9999 -9999 -9999
-9999 -9999 -9999 -9999 -9999 -9999 -9999 -9999 -9999 -9999 -9999 -9999 -9999 -9999 -9999 -9999 -9999 -9999 -9999 -9999 -9999 539 532 540 539 546 554 556 560 568 566 566 565 569 571 -9999 -9999 -9999 -9999 -9999 -9999 -9999 -9999 -9999 -9999 -9999 -9999 -9999 -9999 552 543 528 528 528 535 540 538 538 538 539 545 544 541 541 539 541 543 546 553 556 548 545 -9999 -9999 -9999 -9999 -9999 -9999 -9999 -9999 -9999 -9999 -9999 -9999 -9999 -9999 -9999 -9999 -9999 -9999 -9999
-9999 -9999 -9999 -9999 -9999 -9999 -9999 -9999 -9999 -9999 -9999 -9999 -9999 -9999 -9999 -9999 -9999 -9999 -9999 -9999 535 535 533 537 538 546 549 549 554 561 566 563 566 566 572 573 574 577 -9999 -9999 -9999 -9999 -9999 -9999 -9999 -9999 -9999 -9999 564 551 546 536 535 540 543 551 550 545 547 545 550 553 556 556 558 552 555 561 565 -9999 555 559 -9999 -9999 -9999 -9999 -9999 -9999 -9999 -9999 -9999 -9999 -9999 -9999 -9999 -9999 -9999 -9999 -9999 -9999 -9999
-9999 -9999 -9999 -9999 -9999 -9999 -9999 -9999 -9999 -9999 -9999 -9999 -9999 -9999 -9999 -9999 -9999 -9999 -9999 -9999 -9999 536 532 532 539 545 545 542 546 560 564 565 567 569 573 573 572 -9999 -9999 -9999 -9999 -9999 -9999 -9999 -9999 -9999 -9999 578 577 567 559 548 545 550 554 559 570 559 565 570 570 572 580 577 573 576 566 571 -9999 -9999 566 -9999 -9999 -9999 -9999 -9999 -9999 -9999 -9999 -9999 -9999 -9999 -9999 -9999 -9999 -9999 -9999 -9999 -9999 -9999 -9999
-9999 -9999 -9999 -9999 -9999 -9999 -9999 -9999 -9999 -9999 -9999 -9999 -9999 -9999 -9999 -9999 -9999 -9999 -9999 -9999 533 532 530 531 533 536 541 535 540 553 560 564 566 569 -9999 -9999 -9999 -9999 -9999 -9999 -9999 -9999 -9999 -9999 582 583 583 586 585 577 564 565 560 556 561 570 580 582 585 586 588 -9999 -9999 -9999 -9999 -9999 -9999 -9999 -9999 -9999 -9999 -9999 -9999 -9999 -9999 -9999 -9999 -9999 -9999 -9999 -9999 -9999 -9999 -9999 -9999 -9999 -9999 -9999 -9999 -9999 -9999
-9999 -9999 -9999 -9999 -9999 -9999 -9999 -9999 -9999 -9999 -9999 -9999 -9999 -9999 -9999 -9999 -9999 -9999 -9999 -9999 -9999 533 527 529 532 536 536 538 547 552 560 563 565 571 -9999 575 -9999 -9999 -9999 -9999 -9999 579 582 581 584 585 588 593 594 589 581 577 575 573 569 576 588 590 -9999 -9999 -9999 -9999 -9999 -9999 -9999 -9999 -9999 -9999 -9999 -9999 -9999 -9999 -9999 -9999 -9999 -9999 -9999 -9999 -9999 -9999 -9999 -9999 -9999 -9999 -9999 -9999 -9999 -9999 -9999 -9999 -9999
-9999 -9999 -9999 -9999 -9999 -9999 -9999 -9999 -9999 -9999 -9999 -9999 -9999 -9999 -9999 -9999 -9999 -9999 -9999 -9999 -9999 528 524 526 530 531 535 538 545 549 555 557 -9999 -9999 -9999 -9999 -9999 -9999 580 583 583 582 582 581 584 585 591 597 -9999 597 592 590 589 579 576 575 581 594 -9999 -9999 -9999 -9999 -9999 -9999 -9999 -9999 -9999 -9999 -9999 -9999 -9999 -9999 -9999 -9999 -9999 -9999 -9999 -9999 -9999 -9999 -9999 -9999 -9999 -9999 -9999 -9999 -9999 -9999 -9999 -9999 -9999
-9999 -9999 -9999 -9999 -9999 -9999 -9999 -9999 -9999 -9999 -9999 -9999 -9999 -9999 -9999 -9999 -9999 -9999 -9999 -9999 528 527 522 523 531 533 536 540 542 551 559 -9999 562 563 569 -9999 -9999 -9999 583 581 581 583 582 580 580 584 589 595 -9999 600 597 593 595 589 587 586 586 591 -9999 -9999 -9999 -9999 -9999 -9999 -9999 -9999 -9999 -9999 -9999 -9999 -9999 -9999 -9999 -9999 -9999 -9999 -9999 -9999 -9999 -9999 -9999 -9999 -9999 -9999 -9999 -9999 -9999 -9999 -9999 -9999 -9999
-9999 -9999 -9999 -9999 -9999 -9999 -9999 -9999 -9999 -9999 -9999 -9999 -9999 -9999 -9999 -9999 -9999 -9999 -9999 -9999 -9999 -9999 527 528 529 534 536 537 545 554 557 565 562 561 560 565 571 -9999 -9999 578 576 578 577 579 580 582 -9999 -9999 -9999 599 596 598 595 594 592 595 597 597 -9999 -9999 -9999 -9999 -9999 -9999 -9999 -9999 -9999 -9999 -9999 -9999 -9999 -9999 -9999 -9999 -9999 -9999 -9999 -9999 -9999 -9999 -9999 -9999 -9999 -9999 -9999 -9999 -9999 -9999 -9999 -9999 -9999
-9999 -9999 -9999 -9999 -9999 -9999 -9999 -9999 -9999 -9999 -9999 -9999 -9999 -9999 -9999 -9999 -9999 -9999 -9999 -9999 -9999 -9999 -9999 -9999 534 533 533 537 543 554 -9999 558 561 566 566 570 570 -9999 -9999 576 575 573 571 571 576 578 584 -9999 -9999 -9999 -9999 -9999 -9999 -9999 -9999 -9999 -9999 -9999 -9999 -9999 592 594 -9999 -9999 -9999 -9999 -9999 -9999 -9999 -9999 -9999 -9999 -9999 -9999 -9999 -9999 -9999 -9999 -9999 -9999 -9999 -9999 -9999 -9999 -9999 -9999 -9999 -9999 -9999 -9999 -9999
-9999 -9999 -9999 -9999 -9999 -9999 -9999 -9999 -9999 -9999 -9999 -9999 -9999 -9999 -9999 -9999 -9999 -9999 -9999 -9999 -9999 -9999 -9999 528 532 531 534 538 544 551 560 -9999 -9999 564 571 569 568 572 -9999 -9999 -9999 -9999 569 569 568 -9999 -9999 -9999 -9999 -9999 -9999 -9999 -9999 -9999 -9999 -9999 -9999 -9999 -9999 -9999 602 595 599 -9999 -9999 -9999 -9999 -9999 -9999 -9999 -9999 -9999 -9999 -9999 -9999 -9999 -9999 -9999 -9999 -9999 -9999 -9999 -9999 -9999 -9999 -9999 -9999 -9999 -9999 -9999 -9999
-9999 -9999 -9999 -9999 -9999 -9999 -9999 -9999 -9999 -9999 -9999 -9999 -9999 -9999 -9999 -9999 -9999 -9999 -9999 -9999 -9999 -9999 -9999 -9999 534 533 536 537 544 553 565 567 -9999 -9999 565 568 567 -9999 572 572 570 -9999 567 567 563 568 571 -9999 -9999 -9999 -9999 -9999 -9999 -9999 -9999 -9999 -9999 -9999 -9999 -9999 -9999 -9999 -9999 -9999 -9999 -9999 -9999 -9999 -9999 -9999 -9999 -9999 -9999 -9999 -9999 -9999 -9999 -9999 -9999 -9999 -9999 -9999 -9999 -9999 -9999 -9999 -9999 -9999 -9999 -9999 -9999
-9999 -9999 -9999 -9999 -9999 -9999 -9999 -9999 -9999 -9999 -9999 -9999 -9999 -9999 -9999 -9999 -9999 -9999 -9999 -9999 -9999 -9999 -9999 -9999 531 531 535 539 547 548 556 562 -9999 -9999 -9999 -9999 561 -9999 569 569 568 571 565 567 564 -9999 -9999 -9999 -9999 -9999 -9999 -9999 -9999 -9999 -9999 -9999 -9999 -9999 -9999 -9999 -9999 -9999 -9999 -9999 -9999 -9999 -9999 -9999 -9999 -9999 -9999 -9999 -9999 -9999 -9999 591 582 567 561 554 556 556 559 -9999 -9999 -9999 -9999 -9999 -9999 -9999 -9999
-9999 -9999 -9999 -9999 -9999 -9999 -9999 -9999 -9999 -9999 -9999 -9999 -9999 -9999 -9999 -9999 -9999 -9999 -9999 -9999 -9999 -9999 -9999 -9999 -9999 529 529 537 540 546 548 553 -9999 -9999 -9999 -9999 -9999 -9999 -9999 -9999 -9999 -9999 -9999 -9999 -9999 -9999 -9999 -9999 -9999 -9999 -9999 581 586 583 -9999 -9999 -9999 -9999 -9999 -9999 -9999 -9999 -9999 -9999 -9999 -9999 -9999 -9999 -9999 -9999 -9999 603 606 608 600 593 580 575 562 546 550 544 551 -9999 -9999 -9999 -9999 -9999 -9999 -9999 -9999
-9999 -9999 -9999 -9999 -9999 -9999 -9999 -9999 -9999 -9999 -9999 -9999 -9999 -9999 -9999 -9999 -9999 -9999 -9999 -9999 -9999 -9999 -9999 -9999 531 527 527 532 536 543 547 548 544 545 547 -9999 -9999 -9999 555 560 -9999 -9999 -9999 -9999 -9999 -9999 -9999 567 569 576 575 579 581 583 -9999 -9999 -9999 -9999 -9999 -9999 -9999 -9999 -9999 -9999 -9999 -9999 -9999 -9999 -9999 -9999 595 605 608 610 602 592 584 566 553 543 538 528 529 540 573 -9999 -9999 -9999 -9999 -9999 586
-9999 -9999 -9999 -9999 -9999 -9999 -9999 -9999 -9999 -9999 -9999 -9999 -9999 -9999 -9999 -9999 -9999 -9999 -9999 -9999 -9999 -9999 -9999 -9999 533 530 530 535 538 538 542 541 538 538 541 544 544 550 552 -9999 -9999 -9999 -9999 -9999 -9999 558 563 563 565 569 573 576 578 -9999 -9999 -9999 -9999 -9999 -9999 -9999 -9999 -9999 -9999 -9999 -9999 -9999 614 603 587 578 594 599 605 609 604 597 589 574 561 547 539 533 535 555 575 583 590 587 576 572 587
-9999 -9999 -9999 -9999 -9999 -9999 -9999 -9999 -9999 -9999 -9999 -9999 -9999 -9999 -9999 -9999 -9999 -9999 -9999 -9999 -9999 -9999 -9999 -9999 -9999 534 532 533 537 536 537 537 536 538 539 540 540 545 -9999 -9999 -9999 555 556 556 556 560 561 564 569 568 573 573 575 582 586 594 -9999 -9999 -9999 -9999 -9999 616 623 621 624 620 616 606 590 588 593 597 603 608 605 603 594 588 579 572 566 557 557 568 581 589 590 588 591 587 585
-9999 -9999 -9999 -9999 -9999 -9999 -9999 -9999 -9999 -9999 -9999 -9999 -9999 -9999 -9999 -9999 -9999 -9999 -9999 -9999 -9999 -9999 -9999 -9999 -9999 532 534 534 535 532 532 533 534 536 537 539 539 544 547 546 553 552 556 559 560 562 565 564 566 572 573 576 579 584 591 597 605 614 616 617 618 620 619 617 615 613 607 603 598 601 599 605 610 613 616 616 615 608 600 591 587 582 576 579 586 593 587 588 588 581 582
-9999 -9999 -9999 -9999 -9999 -9999 -9999 -9999 -9999 -9999 -9999 -9999 -9999 -9999 -9999 -9999 -9999 -9999 534 534 -9999 -9999 -9999 537 534 536 535 532 532 532 531 533 532 535 536 538 538 541 545 548 550 555 557 559 559 560 567 567 568 571 572 576 581 589 595 601 608 614 -9999 619 617 617 617 615 607 607 606 601 600 606 613 622 630 628 625 624 621 621 615 606 603 599 595 590 597 598 590 590 589 588 590
-9999 -9999 -9999 -9999 -9999 -9999 -9999 -9999 -9999 -9999 -9999 -9999 -9999 -9999 536 532 531 530 531 530 533 536 533 535 535 536 535 531 531 532 531 530 532 532 535 537 538 540 546 547 551 554 559 563 563 564 571 570 572 573 579 581 584 589 594 602 607 611 611 616 616 617 617 615 611 613 609 608 610 615 620 626 631 633 633 629 630 625 620 618 613 610 604 607 607 601 597 598 597 597 598
-9999 -9999 -9999 -9999 -9999 -9999 -9999 551 546 544 542 537 536 536 535 531 529 530 531 529 531 529 531 531 533 537 533 531 531 530 532 533 532 534 536 537 538 540 543 548 550 556 561 564 565 569 570 570 571 575 578 579 584 591 595 605 604 611 610 611 614 618 621 622 616 615 617 619 618 624 627 634 635 637 636 637 630 632 626 626 618 617 621 618 612 606 605 603 606 601 600
-9999 -9999 -9999 -9999 -9999 554 554 552 548 547 542 541 539 541 534 531 530 529 531 530 528 529 532 530 533 531 531 531 530 528 529 531 532 534 535 536 542 540 541 549 554 557 563 566 568 570 573 577 574 581 583 590 591 593 602 605 608 612 613 612 616 624 623 621 619 623 626 626 629 632 634 637 640 642 641 640 638 635 631 630 626 627 622 617 614 612 609 608 609 608 602
535 539 -9999 -9999 552 555 554 550 551 551 548 544 544 541 538 534 528 529 530 530 529 526 529 529 530 530 528 528 526 525 526 526 532 536 536 539 542 543 544 547 553 557 565 564 571 576 574 579 580 585 588 592 598 603 603 607 613 615 613 613 617 620 623 625 625 628 627 634 632 636 640 643 643 643 643 641 642 639 638 636 633 629 628 625 617 617 617 615 610 611 607
537 533 541 -9999 550 553 552 548 549 548 549 548 544 544 537 536 534 533 529 528 528 530 530 529 529 526 522 523 523 525 524 524 529 533 536 539 542 544 546 548 553 558 564 569 572 576 577 583 581 593 595 600 604 609 613 614 614 615 619 618 620 623 628 625 631 630 631 635 638 642 642 642 642 645 644 644 641 640 639 635 634 630 627 626 625 623 618 618 614 613 614
534 534 538 542 -9999 546 545 544 546 547 546 546 544 546 541 538 533 531 529 527 528 531 528 528 527 527 519 520 517 518 520 524 528 534 541 543 543 544 547 549 554 559 565 571 575 576 579 582 587 597 600 604 608 612 618 614 619 620 622 619 621 623 627 628 631 634 635 636 638 638 641 644 646 647 644 642 640 641 638 637 634 630 626 624 622 624 621 618 619 616 616
531 535 536 -9999 -9999 542 543 539 542 546 547 545 545 545 541 536 534 529 526 528 527 530 527 526 525 523 522 517 519 518 520 522 527 532 535 544 547 549 550 552 557 560 564 567 572 574 576 582 587 591 597 604 612 610 613 614 622 621 627 623 625 627 629 631 631 634 635 633 638 638 640 643 645 645 642 644 641 641 639 637 632 631 631 626 624 622 622 621 619 619 617
530 533 536 537 540 540 541 542 541 544 543 543 542 541 542 536 531 528 527 526 525 526 524 525 524 523 519 519 517 516 519 523 529 534 539 545 548 552 553 558 561 563 564 568 572 574 577 581 585 589 595 597 605 608 611 616 618 623 623 620 617 624 628 629 631 632 635 635 635 637 638 641 645 644 641 640 641 639 639 635 635 631 629 626 624 620 619 618 617 617 621
530 531 533 537 539 538 543 543 540 540 540 540 541 542 536 534 528 527 527 526 527 530 525 525 522 522 521 521 518 519 518 521 528 534 539 546 551 552 558 562 563 567 563 564 570 572 571 578 583 588 592 595 602 605 605 612 614 618 621 619 621 623 630 629 635 634 632 634 633 632 635 638 641 641 641 638 640 639 638 636 634 629 627 623 618 619 618 616 616 616 616
533 533 532 540 539 541 544 544 538 536 538 536 537 537 534 532 530 524 523 526 527 526 531 525 524 526 526 521 520 520 520 524 529 534 539 546 550 555 558 561 562 563 561 565 566 570 571 573 576 579 582 589 590 594 593 599 608 611 611 616 617 622 626 628 633 635 631 628 629 628 629 631 632 634 638 637 638 637 637 636 633 630 625 618 614 614 613 614 612 610 613
534 536 535 536 543 542 540 537 537 534 535 534 531 530 532 528 526 522 520 522 524 525 526 526 528 527 526 526 524 523 523 523 527 534 541 547 556 556 558 556 560 558 557 561 559 562 567 565 569 570 572 577 580 582 586 588 596 600 600 608 613 616 621 623 630 631 628 625 620 620 621 621 624 629 628 631 632 633 633 634 629 628 624 616 612 611 610 608 609 606 608
540 542 540 544 541 538 541 539 537 536 537 535 534 531 526 526 522 521 521 522 524 525 525 524 526 528 524 523 525 525 525 525 527 533 539 543 555 560 557 557 554 557 556 555 554 560 561 563 563 562 561 563 565 568 568 574 578 583 592 594 602 610 612 618 619 623 621 615 613 612 610 611 617 622 623 625 625 626 627 631 630 627 620 615 609 608 606 603 603 602 603
544 540 540 540 539 541 537 538 538 537 536 540 539 536 532 528 525 523 521 520 520 524 525 526 527 529 524 526 526 523 526 525 526 531 536 541 549 555 557 558 554 550 550 551 553 555 557 558 561 556 553 555 555 555 560 563 568 574 578 584 588 595 598 609 609 610 609 606 603 600 599 608 611 614 620 621 621 625 624 625 626 622 616 614 609 607 603 602 599 597 596
548 545 544 541 539 538 536 536 541 541 541 545 546 537 529 526 524 524 528 526 530 531 532 530 528 529 523 524 526 525 525 526 526 530 535 538 543 542 546 543 547 544 546 542 550 549 554 554 558 553 549 549 547 544 542 550 556 560 570 572 579 581 588 594 598 595 596 590 589 593 590 602 605 610 615 617 613 613 615 614 616 618 616 611 608 602 601 600 597 593 592
549 547 550 547 542 541 541 539 540 543 545 550 549 539 526 527 533 532 533 530 530 531 526 528 527 527 522 526 526 527 529 526 527 528 531 535 538 538 538 538 540 541 542 541 546 548 552 553 552 551 547 544 541 536 531 539 546 552 561 564 566 568 574 580 585 586 582 580 577 578 587 591 604 606 607 608 607 605 609 610 611 611 610 606 604 599 600 597 595 588 585
