data-raw/migclim_example_data/MigClim_Example/hsMap2.asc
ncols         255
nrows         223
xllcorner     -10.499999661
yllcorner     34.000000248
cellsize      0.166666667
NODATA_value  -9999
[rows 120 to 159 of 223, columns 91 to 181 of 255]
551 547 548 550 549 552 554 551 547 548 548 548 548 547 548 547 547 543 538 540 540 532 528 535 540 540 541 546 545 545 540 541 540 542 541 546 548 553 551 551 549 546 545 543 548 547 548 542 538 536 532 526 531 528 535 541 540 542 547 546 551 556 554 556 555 555 544 539 543 547 555 557 556 566 566 570 567 566 565 564 568 565 566 566 569 567 563 553 544 535 532
549 550 542 545 547 547 548 545 550 551 546 542 545 542 545 546 546 546 543 542 544 539 541 545 544 547 544 544 535 538 543 540 542 542 540 540 543 545 544 541 542 544 538 541 543 541 542 539 530 529 524 519 525 527 537 544 549 552 548 544 553 556 550 525 526 547 537 527 532 543 546 545 542 554 557 560 560 561 563 561 560 561 557 561 558 559 558 553 544 538 528
546 548 542 543 550 553 549 545 545 542 544 546 545 546 545 546 546 545 545 544 542 545 542 543 542 545 545 544 540 541 540 539 537 537 538 522 523 533 534 535 537 536 533 533 537 536 538 530 519 515 514 515 513 510 518 536 550 554 554 556 558 549 546 520 505 485 497 525 529 518 518 532 529 537 540 547 546 556 559 559 558 558 555 555 550 550 551 540 534 526 524
547 552 549 541 547 547 542 535 536 536 538 543 546 545 547 545 546 545 543 544 545 544 545 545 545 545 544 537 541 542 542 534 529 533 538 536 524 518 524 525 531 528 527 525 530 532 519 513 500 496 500 495 514 543 562 564 562 564 570 575 577 577 578 581 571 566 552 542 531 527 518 506 515 525 527 534 544 545 551 558 561 557 554 551 547 544 541 530 518 515 513
557 558 563 554 552 551 543 537 533 533 537 535 542 543 541 544 540 539 543 540 537 542 545 545 543 542 545 542 542 538 537 526 536 542 541 538 538 531 523 524 520 519 520 521 523 518 492 472 469 470 496 524 549 560 564 568 564 570 579 579 586 586 587 593 597 593 574 567 568 532 508 515 504 505 527 530 530 536 546 557 558 549 544 544 537 537 534 522 515 505 499
573 576 587 567 560 570 556 543 538 539 537 538 538 540 541 544 543 543 541 544 541 543 542 543 543 542 544 544 542 538 539 537 540 540 538 537 537 536 538 537 534 521 520 520 512 511 507 506 506 514 505 530 551 560 560 562 565 566 571 580 581 584 587 586 591 595 587 582 573 546 501 509 493 479 487 498 500 520 540 548 555 552 543 535 529 523 523 515 508 495 489
574 585 601 594 611 584 565 554 545 547 545 544 542 541 542 545 543 545 544 547 542 541 539 541 543 541 540 542 541 539 538 536 538 538 538 538 535 537 535 534 536 531 517 511 516 518 519 507 495 504 519 528 545 547 550 553 554 559 565 569 568 573 574 576 578 577 575 574 569 553 540 522 499 502 484 462 499 517 539 547 547 546 529 517 510 506 505 506 506 505 512
551 561 572 582 593 581 562 554 549 543 544 541 541 537 538 537 540 537 542 534 534 537 533 537 536 538 539 540 537 540 537 536 537 536 536 533 534 537 533 531 532 532 524 522 517 523 516 511 513 516 523 533 544 548 548 550 552 555 556 555 560 560 559 559 562 558 559 561 555 552 541 535 522 543 531 508 512 521 538 545 540 539 525 509 499 489 485 486 492 495 501
544 551 554 554 555 554 548 545 538 539 534 538 538 539 532 531 536 535 538 537 536 534 533 532 532 535 538 539 538 534 535 534 532 532 534 533 533 534 536 533 530 531 529 529 527 526 512 520 527 532 542 547 551 545 542 541 548 553 553 554 550 552 548 544 542 539 530 522 517 526 532 531 537 557 573 572 533 529 533 533 539 528 507 495 480 456 448 454 451 464 455
542 548 547 541 541 544 541 543 540 542 539 535 544 538 534 530 529 530 530 529 531 528 528 525 529 530 534 533 533 531 534 531 533 530 533 531 530 532 533 532 530 528 530 528 530 527 521 521 525 536 537 540 536 536 534 538 543 549 546 550 546 542 540 536 534 533 522 516 509 515 522 533 535 543 575 583 563 547 545 541 527 512 493 467 462 449 444 436 433 426 440
549 546 546 540 538 539 544 541 547 541 543 535 528 531 530 527 523 522 524 527 528 521 521 522 525 527 527 530 531 530 528 530 527 526 527 529 529 528 529 530 525 524 525 528 528 527 522 521 515 526 523 526 529 529 534 535 540 546 547 548 545 532 531 531 524 526 524 522 522 521 530 542 529 539 572 581 571 556 538 527 515 489 476 472 470 455 443 438 440 446 437
550 542 547 541 542 541 536 541 548 547 544 540 529 530 528 525 519 520 521 522 521 518 517 519 521 523 524 522 524 523 523 522 523 523 524 524 521 524 526 525 521 519 521 524 524 524 523 522 520 518 508 503 511 520 526 533 538 539 538 538 540 529 525 524 525 521 527 529 529 527 540 547 544 559 572 569 563 557 540 525 511 498 492 499 492 466 448 450 454 438 421
548 543 539 546 544 545 540 548 549 552 546 544 530 528 527 527 524 522 520 521 515 514 516 518 517 519 516 516 516 516 516 516 516 517 515 517 515 518 517 517 519 518 515 521 523 519 511 511 507 509 493 489 478 484 497 513 525 529 528 526 530 526 524 521 529 526 529 529 534 538 545 551 557 562 570 565 568 558 543 528 515 529 524 499 472 484 474 462 468 470 449
547 540 539 544 538 544 545 555 553 553 547 539 531 526 529 524 521 520 518 516 514 511 516 515 514 514 511 512 512 512 509 508 509 509 510 511 512 509 512 512 510 511 511 513 513 512 512 508 508 499 491 490 481 475 480 492 497 515 521 520 520 520 516 518 520 526 524 530 536 542 549 555 558 568 569 571 561 547 532 538 542 523 501 493 496 495 458 461 452 446 457
536 540 543 541 544 549 550 549 561 559 549 538 529 529 527 524 519 518 513 512 511 514 514 510 510 508 508 506 503 503 503 502 504 503 503 504 507 507 505 505 508 507 506 504 504 501 502 501 499 496 495 488 492 485 477 481 491 505 509 510 506 511 511 509 513 515 516 524 531 535 547 550 558 563 564 559 552 542 547 546 535 552 536 543 512 486 502 521 498 502 498
534 536 541 545 551 556 558 557 561 555 545 536 527 531 529 521 520 512 513 511 511 505 507 509 506 504 502 501 501 497 494 498 498 500 500 500 502 502 501 500 498 500 498 497 498 495 494 493 490 489 488 485 487 488 484 491 491 492 500 492 484 492 496 498 503 509 514 518 521 524 533 540 550 554 560 560 551 551 552 550 552 559 553 521 543 544 549 555 531 510 526
533 540 544 544 554 558 558 566 557 552 548 535 528 535 523 516 518 512 510 511 510 505 503 506 502 503 497 496 494 491 494 493 496 494 494 496 496 496 495 492 494 493 490 492 490 488 486 485 484 480 479 478 483 482 486 492 496 492 496 494 487 481 479 483 497 503 505 508 510 514 523 533 539 547 557 546 555 550 552 553 561 558 565 551 556 545 560 535 554 581 582
538 545 545 541 554 559 559 561 557 556 545 534 534 531 522 519 515 510 508 510 508 503 500 499 500 494 491 489 491 491 490 489 490 489 488 490 488 489 487 487 487 488 486 484 484 481 481 478 476 475 474 472 475 477 483 490 496 498 495 497 491 488 485 488 491 492 496 499 503 505 507 517 527 537 545 549 550 548 550 555 561 566 567 575 579 580 585 578 590 589 589
537 537 543 550 555 552 558 552 552 550 548 535 532 512 512 518 508 507 503 503 497 487 492 496 491 492 491 490 489 488 488 485 487 483 483 483 484 481 481 480 481 484 485 482 480 479 478 473 474 469 465 458 460 465 475 482 487 491 489 487 488 486 487 486 488 490 490 493 496 502 505 514 524 531 539 544 546 542 550 550 558 562 570 567 568 574 581 572 570 579 592
532 537 543 545 550 549 543 539 539 537 543 533 532 518 509 512 504 503 501 495 484 480 489 493 492 495 493 493 488 486 483 482 481 480 476 477 475 473 473 476 474 476 477 479 480 480 477 473 469 467 456 454 451 458 461 464 471 476 479 478 480 477 473 470 469 474 477 486 494 498 503 512 514 524 533 536 537 537 535 539 540 548 558 554 556 577 576 572 577 583 590
534 539 545 543 539 540 537 532 531 528 531 526 533 523 515 506 500 499 491 487 478 484 489 493 493 492 493 494 486 482 480 480 478 476 471 472 468 466 467 469 469 469 468 469 476 473 471 467 461 458 456 440 441 442 430 432 444 461 457 469 467 463 456 457 457 452 459 480 493 497 502 509 508 511 519 522 525 523 523 526 528 527 542 539 540 565 542 541 552 536 542
538 540 534 531 534 532 533 533 532 525 523 520 523 517 512 503 502 496 493 493 488 486 487 488 490 492 494 492 490 486 486 483 475 480 470 470 469 458 457 457 463 460 459 459 472 473 472 463 462 455 452 450 446 445 438 444 445 454 459 459 463 457 451 456 461 468 464 469 489 494 500 507 504 509 510 511 514 519 525 522 523 527 547 540 539 555 507 528 540 523 516
538 539 528 532 530 532 532 531 526 523 524 518 521 516 510 504 499 496 490 488 485 480 481 484 487 490 492 490 491 488 487 486 471 480 451 457 461 455 456 457 436 443 462 472 471 467 468 463 468 458 447 464 458 440 443 456 455 444 447 447 453 466 473 472 472 468 478 484 490 498 500 502 504 504 504 504 505 510 522 529 531 537 538 520 519 516 500 505 520 521 511
535 530 532 533 535 533 533 530 530 531 524 530 518 513 501 496 495 494 488 485 479 476 477 479 483 487 486 481 485 493 488 465 438 432 428 432 469 467 450 462 466 460 439 465 438 450 459 460 464 471 472 465 443 437 431 432 441 457 466 467 473 475 469 475 478 482 483 484 489 494 498 498 498 497 499 496 502 515 526 534 533 516 509 508 501 494 488 495 505 509 500
533 533 535 536 531 534 531 527 534 533 528 520 506 503 504 501 498 496 491 481 480 471 469 473 464 465 476 470 491 481 453 484 429 406 423 453 434 430 407 428 461 427 431 430 420 407 408 423 401 427 445 435 429 458 471 466 470 475 476 461 474 468 478 479 478 479 480 484 483 489 489 489 493 495 491 490 496 512 521 515 501 502 497 494 493 490 480 484 488 494 489
531 537 536 536 537 530 523 529 534 528 514 506 508 499 499 502 501 497 494 481 471 475 467 471 441 431 448 446 461 497 471 424 403 388 410 419 396 400 412 420 475 437 430 466 425 420 434 462 431 466 462 476 471 485 453 460 483 484 484 475 478 477 476 476 472 474 478 479 481 486 486 490 489 489 488 490 492 498 497 491 491 494 494 488 490 487 474 475 475 480 477
538 540 540 540 539 524 532 533 528 517 513 511 508 501 504 502 492 501 492 481 461 453 414 420 409 425 451 478 494 460 426 393 383 381 390 422 393 403 442 488 454 492 493 493 477 467 461 462 481 493 488 499 502 499 496 490 491 484 485 484 481 480 476 473 474 474 476 476 478 481 484 485 488 486 486 483 483 483 489 489 490 490 487 485 488 482 475 472 474 474 473
541 544 545 543 530 528 525 530 515 504 518 507 506 507 502 472 475 472 467 436 403 413 407 422 412 428 430 445 455 453 406 400 391 388 404 437 454 484 500 493 496 499 450 456 450 448 474 473 479 489 498 500 500 496 490 492 489 483 484 480 479 477 477 477 476 475 480 478 476 477 480 483 483 485 482 481 481 482 485 485 485 482 486 488 482 482 475 473 474 473 471
532 552 547 547 527 524 524 525 513 514 510 501 503 505 482 465 440 422 412 405 425 423 420 447 445 484 441 451 451 431 404 391 398 408 427 387 415 492 500 498 499 477 456 478 466 484 488 478 488 491 492 498 494 497 482 484 492 486 484 482 482 479 472 481 482 481 483 480 479 483 481 484 481 482 482 479 483 482 481 485 483 482 484 489 487 484 478 477 475 472 468
547 552 556 551 524 519 524 522 511 508 510 505 480 507 486 482 495 478 450 467 438 476 466 485 485 488 490 490 496 471 447 473 488 488 456 416 474 490 499 502 502 489 479 483 489 485 483 482 480 486 529 497 501 501 495 498 496 490 485 483 482 475 476 475 477 479 484 482 479 484 483 485 486 486 487 484 486 483 482 480 479 478 480 483 493 487 484 480 478 474 469
553 553 552 549 525 529 526 511 515 514 514 513 492 446 511 472 428 411 410 410 445 494 495 491 508 492 489 498 497 509 510 506 501 510 501 432 508 509 508 502 504 500 494 490 503 488 481 501 558 563 568 571 575 533 510 506 501 491 483 485 478 477 477 476 478 481 487 493 488 486 484 485 484 487 491 488 487 489 489 483 480 480 481 484 494 493 488 484 482 479 475
548 551 552 556 526 530 519 519 515 527 517 517 504 430 428 430 418 423 409 427 505 505 513 544 525 525 503 512 496 502 509 508 510 506 508 519 515 527 505 507 502 495 491 510 529 570 545 533 536 541 543 545 547 557 524 503 500 487 484 478 478 480 474 473 480 483 497 492 492 495 494 492 488 486 486 490 495 497 498 503 500 492 494 501 502 500 495 492 489 485 483
545 552 555 556 555 534 546 530 528 532 526 518 450 459 484 523 518 510 497 488 505 526 550 555 554 551 553 554 559 565 555 538 559 502 505 504 550 503 510 498 558 556 588 566 555 535 531 528 525 526 528 529 529 536 557 519 494 485 480 477 476 476 474 474 481 483 502 520 513 505 499 492 488 495 491 487 492 499 506 510 514 511 511 509 504 506 505 504 500 496 494
544 553 551 553 549 558 528 537 532 524 536 515 527 453 445 447 445 473 494 498 547 541 540 544 547 542 538 539 539 534 535 556 577 599 607 578 611 569 512 562 586 558 552 550 539 534 532 527 521 520 -9999 -9999 -9999 -9999 526 523 493 487 482 482 481 476 477 492 490 508 522 513 507 505 494 493 487 495 498 486 478 479 487 510 517 516 517 513 512 515 513 513 514 511 509
547 550 548 541 534 534 530 537 526 546 512 541 460 441 437 473 525 503 521 498 508 501 506 509 514 518 515 514 512 516 519 526 515 505 520 525 537 540 538 537 541 558 543 539 538 532 529 -9999 -9999 -9999 -9999 -9999 -9999 525 563 573 495 489 484 482 483 480 478 489 503 511 505 509 508 495 491 505 507 505 497 481 479 485 486 487 503 515 525 528 524 522 528 528 525 527 522
545 553 546 539 546 527 526 531 479 542 548 467 479 466 451 535 527 495 464 468 468 473 472 481 488 486 485 484 496 506 502 491 482 466 474 479 491 498 494 492 503 517 536 526 528 526 -9999 -9999 -9999 -9999 -9999 -9999 -9999 510 559 577 547 509 -9999 544 481 486 481 480 495 500 495 510 491 480 487 505 521 525 524 514 510 501 513 516 513 530 540 545 542 538 533 532 531 528 527
542 559 559 550 537 544 541 533 524 453 458 452 491 521 539 527 541 483 481 490 489 484 474 461 461 462 465 483 479 486 488 484 468 461 462 468 472 472 477 477 488 496 504 513 509 515 -9999 -9999 -9999 -9999 -9999 -9999 -9999 -9999 528 569 546 542 518 487 523 477 476 473 472 480 490 488 488 494 506 503 507 491 520 544 550 538 531 554 549 545 554 555 555 552 555 549 541 527 509
535 546 544 541 552 549 534 552 473 438 445 515 495 454 543 543 496 477 475 481 462 458 448 443 438 451 505 549 546 518 508 493 480 467 457 460 461 463 469 472 474 480 491 492 496 495 494 -9999 -9999 -9999 -9999 -9999 -9999 -9999 496 511 513 -9999 507 -9999 503 481 471 463 465 465 475 478 480 502 514 515 545 513 501 541 545 533 548 542 538 526 552 564 563 568 568 569 568 569 569
538 544 544 530 532 549 549 551 555 500 458 541 489 464 508 542 485 475 476 468 459 459 453 426 433 478 528 516 538 550 559 544 499 485 475 459 457 455 451 446 455 462 466 471 474 473 -9999 -9999 -9999 -9999 -9999 -9999 -9999 -9999 -9999 -9999 -9999 -9999 473 -9999 456 472 475 452 455 461 459 461 467 465 472 496 521 510 510 524 520 525 537 544 545 511 521 509 535 555 571 578 576 576 578
513 539 528 527 530 542 544 548 523 543 551 545 462 436 504 527 540 482 473 461 509 482 458 474 508 498 523 512 515 520 547 557 552 559 523 512 458 443 436 424 432 445 453 453 452 454 -9999 -9999 -9999 -9999 -9999 -9999 -9999 -9999 -9999 -9999 -9999 -9999 449 -9999 -9999 473 463 452 444 453 457 460 460 462 472 475 506 479 480 483 486 481 503 534 530 494 539 523 502 504 535 577 554 559 579
