data-raw/migclim_example_data/MigClim_Example/hsMap2.asc
ncols         255
nrows         223
xllcorner     -10.499999661
yllcorner     34.000000248
cellsize      0.166666667
NODATA_value  -9999
[rows 160 to 199 of 223, columns 0 to 90 of 255]
-9999 -9999 -9999 -9999 -9999 -9999 -9999 -9999 -9999 -9999 -9999 -9999 -9999 -9999 -9999 -9999 -9999 -9999 -9999 -9999 -9999 -9999 -9999 -9999 -9999 -9999 -9999 -9999 -9999 -9999 -9999 -9999 -9999 -9999 -9999 -9999 -9999 -9999 -9999 -9999 -9999 -9999 -9999 -9999 -9999 -9999 -9999 -9999 -9999 -9999 -9999 -9999 -9999 -9999 -9999 443 444 448 451 457 460 468 478 471 465 478 482 489 496 509 513 516 520 531 530 530 528 528 523 515 516 511 516 530 550 554 525 537 515 527 523
-9999 -9999 -9999 -9999 -9999 -9999 -9999 -9999 -9999 -9999 -9999 -9999 -9999 -9999 -9999 -9999 -9999 -9999 -9999 -9999 -9999 -9999 -9999 -9999 -9999 -9999 -9999 -9999 -9999 -9999 -9999 -9999 -9999 -9999 -9999 -9999 -9999 -9999 -9999 -9999 -9999 -9999 -9999 -9999 -9999 -9999 -9999 -9999 -9999 -9999 -9999 -9999 -9999 -9999 -9999 434 438 441 451 452 462 467 472 469 471 470 476 489 497 496 498 505 507 531 531 530 524 521 515 513 518 512 512 535 525 510 532 523 489 497 464
-9999 -9999 -9999 -9999 -9999 -9999 -9999 -9999 -9999 -9999 -9999 -9999 -9999 -9999 -9999 -9999 -9999 -9999 -9999 -9999 -9999 -9999 -9999 -9999 -9999 -9999 -9999 -9999 -9999 -9999 -9999 -9999 -9999 -9999 -9999 -9999 -9999 -9999 -9999 -9999 -9999 -9999 -9999 -9999 -9999 -9999 -9999 -9999 -9999 -9999 -9999 -9999 -9999 -9999 -9999 434 438 442 443 450 455 456 467 469 463 469 471 474 473 473 477 481 491 518 508 524 532 529 519 514 515 514 510 527 520 526 512 462 475 472 455
-9999 -9999 -9999 -9999 -9999 -9999 -9999 -9999 -9999 -9999 -9999 -9999 -9999 -9999 -9999 -9999 -9999 -9999 -9999 -9999 -9999 -9999 -9999 -9999 -9999 -9999 -9999 -9999 -9999 -9999 -9999 -9999 -9999 -9999 -9999 -9999 -9999 -9999 -9999 -9999 -9999 -9999 -9999 -9999 -9999 -9999 -9999 -9999 -9999 -9999 -9999 -9999 -9999 -9999 428 431 438 433 429 435 441 446 454 466 462 470 472 474 482 476 470 473 487 489 492 490 508 529 524 524 520 513 508 510 528 487 454 431 412 417 410
-9999 -9999 -9999 -9999 -9999 -9999 -9999 -9999 -9999 -9999 -9999 -9999 -9999 -9999 -9999 373 352 350 -9999 -9999 -9999 -9999 -9999 -9999 -9999 -9999 -9999 -9999 -9999 -9999 -9999 -9999 -9999 -9999 -9999 -9999 -9999 -9999 -9999 -9999 -9999 -9999 -9999 -9999 -9999 -9999 -9999 -9999 -9999 -9999 -9999 -9999 -9999 -9999 425 428 419 413 420 424 432 442 446 457 463 466 466 475 472 487 472 472 473 471 482 485 507 527 512 504 511 515 519 514 474 446 400 388 380 386 378
-9999 -9999 -9999 -9999 -9999 -9999 -9999 -9999 -9999 -9999 -9999 -9999 -9999 324 335 363 388 380 356 331 329 329 340 359 379 408 403 373 356 357 366 -9999 -9999 -9999 -9999 -9999 -9999 -9999 -9999 -9999 -9999 -9999 -9999 -9999 -9999 -9999 -9999 -9999 -9999 -9999 -9999 -9999 -9999 -9999 414 405 411 413 415 425 433 444 448 451 463 466 467 476 469 478 473 468 475 477 480 470 477 525 509 503 513 490 453 404 411 384 359 359 361 359 363
-9999 -9999 -9999 -9999 -9999 -9999 -9999 -9999 -9999 -9999 -9999 -9999 -9999 311 348 377 390 418 380 350 346 398 384 409 424 426 401 408 392 412 402 399 391 414 445 403 371 396 392 392 395 419 426 438 -9999 418 445 431 -9999 -9999 -9999 -9999 407 414 422 418 411 415 415 419 430 448 455 451 463 462 472 474 473 482 468 471 472 474 469 514 525 524 521 498 449 395 382 372 368 362 -9999 -9999 -9999 -9999 357
-9999 -9999 -9999 -9999 -9999 -9999 -9999 -9999 -9999 276 282 306 310 301 333 369 354 350 358 360 391 382 419 423 413 440 450 445 421 443 467 486 486 465 473 488 463 455 447 448 484 518 462 465 441 428 428 444 442 433 430 434 454 453 462 437 426 420 422 426 436 443 469 460 469 484 484 482 486 476 478 480 474 477 472 442 434 422 396 386 372 367 363 356 -9999 -9999 -9999 -9999 -9999 -9999 -9999
-9999 -9999 -9999 -9999 -9999 -9999 -9999 265 280 299 307 309 304 312 334 350 339 333 348 369 378 365 389 410 373 379 384 403 433 421 428 438 438 461 464 481 464 483 505 507 497 493 501 476 452 449 486 456 446 445 456 493 492 485 498 501 499 484 492 514 513 519 509 520 512 524 503 496 494 501 503 499 499 490 491 483 461 485 442 402 381 359 -9999 -9999 -9999 -9999 -9999 -9999 -9999 -9999 -9999
-9999 -9999 -9999 -9999 -9999 -9999 -9999 258 290 294 289 284 286 296 304 323 328 317 311 344 338 376 350 356 357 360 375 384 387 401 414 423 430 437 464 459 453 463 480 490 489 496 490 490 483 483 462 459 480 489 493 486 461 478 492 489 485 488 525 510 525 509 523 492 521 508 495 499 501 514 526 505 528 524 531 532 501 529 498 435 393 -9999 -9999 -9999 -9999 -9999 -9999 -9999 -9999 -9999 -9999
-9999 -9999 -9999 -9999 -9999 -9999 -9999 -9999 255 261 269 255 272 285 304 322 305 309 305 349 343 335 358 363 357 354 363 387 396 411 427 436 444 447 447 460 460 460 467 465 470 468 475 476 467 434 447 469 472 476 477 468 424 436 460 482 505 501 483 523 480 460 455 448 480 477 517 530 479 489 528 523 549 540 553 523 510 531 446 384 348 -9999 -9999 -9999 -9999 -9999 -9999 -9999 -9999 -9999 -9999
-9999 -9999 -9999 -9999 -9999 -9999 -9999 -9999 246 250 245 261 294 317 315 326 287 285 284 326 331 339 304 313 358 369 386 398 400 398 408 428 443 444 450 464 463 464 462 467 459 464 472 465 451 420 433 445 446 426 417 394 402 459 448 427 482 481 503 506 489 498 521 525 526 489 468 467 455 507 537 466 485 477 474 528 533 524 530 408 366 357 -9999 -9999 -9999 -9999 -9999 -9999 -9999 -9999 -9999
-9999 -9999 -9999 -9999 -9999 -9999 -9999 -9999 -9999 -9999 247 248 300 297 264 263 270 280 292 294 312 312 339 335 335 369 377 372 380 382 396 417 420 436 446 454 450 459 458 460 463 457 462 470 472 446 413 430 400 393 382 387 384 387 404 449 479 504 486 509 507 499 493 515 511 493 513 496 530 535 539 520 536 531 528 504 500 548 532 500 448 403 -9999 -9999 -9999 -9999 -9999 -9999 -9999 -9999 -9999
-9999 -9999 -9999 -9999 -9999 -9999 -9999 -9999 -9999 -9999 245 247 269 285 251 255 265 299 303 307 318 303 307 324 331 370 371 364 369 383 393 395 403 419 431 437 442 446 462 463 466 466 454 449 454 454 474 478 489 491 417 377 358 374 379 388 414 437 411 437 501 508 510 501 483 505 516 518 526 502 503 512 549 544 519 510 516 539 504 454 382 349 376 -9999 -9999 -9999 -9999 -9999 -9999 -9999 -9999
-9999 -9999 -9999 -9999 -9999 -9999 -9999 -9999 -9999 -9999 255 240 244 273 317 285 274 284 314 318 322 294 304 353 368 360 357 365 364 375 386 394 407 416 422 425 444 448 445 458 462 471 467 464 448 461 472 471 479 493 491 420 373 349 379 362 379 383 369 371 366 390 399 402 426 489 503 524 498 527 529 524 516 516 524 539 539 543 499 438 380 346 -9999 -9999 -9999 -9999 -9999 -9999 -9999 -9999 -9999
-9999 -9999 -9999 -9999 -9999 -9999 -9999 -9999 -9999 249 244 268 264 304 285 309 308 279 263 285 298 318 332 331 345 365 364 363 360 365 384 390 401 411 428 432 431 448 461 463 470 473 467 471 471 464 472 481 490 493 501 471 415 383 339 332 376 395 340 372 340 339 361 346 362 413 440 471 458 443 447 496 490 468 461 511 503 530 494 402 407 359 -9999 -9999 -9999 -9999 -9999 -9999 -9999 -9999 -9999
-9999 -9999 -9999 -9999 -9999 -9999 -9999 -9999 -9999 -9999 248 245 252 276 304 309 305 268 260 269 271 302 301 310 337 350 363 362 359 371 383 394 419 422 419 418 431 442 440 439 441 444 454 477 482 485 489 498 507 503 504 498 500 433 370 336 328 332 330 370 371 327 320 319 328 332 362 347 370 390 422 459 479 420 419 501 507 524 424 371 395 -9999 -9999 -9999 -9999 -9999 -9999 -9999 -9999 -9999 -9999
-9999 -9999 -9999 -9999 -9999 -9999 -9999 -9999 -9999 -9999 242 242 241 250 273 282 265 264 268 248 259 284 288 298 320 341 353 355 363 366 384 386 399 402 393 407 417 426 426 426 432 445 450 454 461 470 482 495 491 503 506 508 500 432 388 355 369 335 311 311 331 359 336 323 316 314 319 332 354 390 446 460 429 417 405 414 368 387 393 -9999 -9999 -9999 -9999 -9999 -9999 -9999 -9999 -9999 -9999 -9999 -9999
-9999 -9999 -9999 -9999 -9999 -9999 -9999 -9999 -9999 -9999 241 241 242 245 263 253 295 277 256 250 258 269 275 291 311 330 345 356 366 376 382 381 381 397 393 405 410 418 422 433 462 451 451 473 482 479 481 483 490 484 480 477 449 431 417 383 393 401 346 303 299 321 322 307 311 302 331 374 400 418 410 441 418 362 362 350 339 -9999 -9999 -9999 -9999 -9999 -9999 -9999 -9999 -9999 -9999 -9999 -9999 -9999 -9999
-9999 -9999 -9999 -9999 -9999 -9999 -9999 -9999 -9999 -9999 242 242 246 243 242 273 250 252 252 261 248 255 278 287 307 330 351 373 389 399 393 398 392 387 397 396 394 404 408 420 433 452 424 444 457 483 486 490 491 463 460 456 444 441 486 470 456 422 369 323 301 293 285 292 304 308 299 364 418 409 339 351 340 339 366 322 -9999 -9999 -9999 -9999 -9999 -9999 -9999 -9999 -9999 -9999 -9999 -9999 -9999 -9999 -9999
-9999 -9999 -9999 -9999 -9999 -9999 -9999 -9999 -9999 -9999 -9999 238 239 242 261 268 253 254 253 253 244 252 267 289 307 327 341 360 377 403 406 405 407 402 407 408 405 411 416 448 431 435 433 467 477 464 459 487 489 490 488 491 505 504 488 504 499 459 438 384 354 323 320 318 315 327 282 308 321 302 309 -9999 -9999 -9999 -9999 -9999 -9999 -9999 -9999 -9999 -9999 -9999 -9999 -9999 -9999 -9999 -9999 -9999 -9999 -9999 -9999
-9999 -9999 -9999 -9999 -9999 -9999 -9999 -9999 -9999 -9999 -9999 236 244 265 267 274 277 262 265 252 248 257 268 285 302 319 345 358 379 397 404 412 425 426 418 424 429 415 434 359 422 425 421 417 410 428 457 481 499 490 484 481 489 496 501 505 489 502 459 434 421 362 371 367 359 310 288 280 -9999 -9999 -9999 -9999 -9999 -9999 -9999 -9999 -9999 -9999 -9999 -9999 -9999 -9999 -9999 -9999 -9999 -9999 -9999 -9999 -9999 -9999 -9999
-9999 -9999 -9999 -9999 -9999 -9999 -9999 -9999 -9999 -9999 -9999 232 239 253 250 252 252 250 253 251 254 258 267 281 295 317 336 372 389 396 405 420 443 455 453 451 459 445 408 411 412 373 378 384 389 434 446 436 476 488 489 485 485 480 504 497 490 488 492 494 473 408 417 440 441 288 259 255 -9999 -9999 -9999 -9999 -9999 -9999 -9999 -9999 -9999 -9999 -9999 -9999 -9999 -9999 -9999 -9999 -9999 -9999 -9999 -9999 -9999 -9999 -9999
-9999 -9999 -9999 -9999 -9999 -9999 -9999 -9999 -9999 -9999 231 230 231 253 243 237 239 241 252 255 258 261 265 273 293 329 343 362 373 392 421 441 417 451 463 467 457 448 399 371 347 342 355 361 394 419 421 437 466 496 483 472 470 472 490 504 495 488 481 469 479 467 459 413 308 266 262 -9999 -9999 -9999 -9999 -9999 -9999 -9999 -9999 -9999 -9999 -9999 -9999 -9999 -9999 -9999 -9999 -9999 -9999 -9999 -9999 -9999 -9999 -9999 -9999
-9999 -9999 -9999 -9999 -9999 -9999 -9999 -9999 -9999 -9999 229 229 229 232 230 232 242 303 259 251 256 260 265 275 292 305 302 327 380 401 425 375 375 416 464 443 376 370 337 330 321 331 334 381 385 388 388 410 410 458 494 468 466 469 486 506 505 480 474 489 477 484 434 332 289 256 -9999 -9999 -9999 -9999 -9999 -9999 -9999 -9999 -9999 -9999 -9999 -9999 -9999 -9999 -9999 -9999 -9999 -9999 -9999 -9999 -9999 -9999 -9999 -9999 -9999
-9999 -9999 -9999 -9999 -9999 -9999 -9999 -9999 -9999 231 228 227 227 228 229 242 254 266 237 238 251 254 262 265 262 264 265 326 365 347 377 370 418 404 355 373 350 319 330 328 328 321 338 363 365 365 396 410 430 459 495 477 465 470 475 504 504 498 494 479 482 423 327 294 262 -9999 -9999 -9999 -9999 -9999 -9999 -9999 -9999 -9999 -9999 -9999 -9999 -9999 -9999 -9999 -9999 -9999 -9999 -9999 -9999 -9999 -9999 -9999 -9999 -9999 -9999
-9999 -9999 -9999 -9999 -9999 -9999 -9999 -9999 -9999 227 226 227 229 239 248 248 242 240 233 231 233 233 234 236 242 245 258 292 311 288 272 270 284 299 323 299 301 318 314 315 320 316 331 333 345 378 407 419 440 447 472 497 495 492 491 466 476 479 457 416 376 313 273 263 -9999 -9999 -9999 -9999 -9999 -9999 -9999 -9999 -9999 -9999 -9999 -9999 -9999 -9999 -9999 -9999 -9999 -9999 -9999 -9999 -9999 -9999 243 244 -9999 -9999 -9999
-9999 -9999 -9999 -9999 -9999 -9999 -9999 -9999 -9999 227 228 229 231 235 236 243 235 228 227 225 228 228 231 233 234 242 253 247 251 256 258 266 274 280 295 292 301 298 300 305 303 331 346 354 361 374 387 401 420 425 455 466 469 502 484 460 465 483 482 379 340 276 245 -9999 -9999 -9999 -9999 -9999 -9999 -9999 -9999 -9999 -9999 -9999 -9999 -9999 -9999 -9999 -9999 -9999 265 234 -9999 -9999 -9999 -9999 243 245 245 -9999 -9999
-9999 -9999 -9999 -9999 -9999 -9999 -9999 -9999 -9999 228 228 230 228 230 230 232 227 226 224 224 225 226 228 230 234 240 242 249 259 266 271 276 279 296 311 313 309 322 330 329 323 320 330 343 345 363 382 381 397 402 438 444 448 436 448 447 388 374 353 321 294 257 -9999 -9999 -9999 -9999 -9999 -9999 -9999 -9999 -9999 -9999 -9999 -9999 -9999 -9999 -9999 -9999 267 269 250 233 236 240 -9999 -9999 -9999 -9999 -9999 -9999 -9999
-9999 -9999 -9999 -9999 -9999 -9999 -9999 -9999 227 229 236 230 226 227 228 227 225 224 223 225 226 225 227 231 232 234 240 247 256 269 308 313 294 329 345 357 358 358 363 353 336 331 335 326 333 353 360 372 382 390 405 407 419 394 412 399 411 359 279 256 254 247 -9999 -9999 -9999 -9999 -9999 -9999 -9999 -9999 -9999 -9999 -9999 -9999 -9999 -9999 -9999 250 250 241 243 238 238 236 -9999 -9999 -9999 -9999 -9999 -9999 -9999
-9999 -9999 -9999 -9999 -9999 -9999 -9999 227 227 230 229 226 226 226 225 226 226 227 229 228 228 225 227 228 232 236 240 245 259 281 294 281 278 274 290 319 342 326 365 363 346 339 319 318 330 328 336 351 360 383 379 376 376 362 339 326 349 352 285 258 246 -9999 -9999 -9999 -9999 -9999 -9999 -9999 -9999 -9999 -9999 -9999 -9999 -9999 -9999 -9999 -9999 -9999 -9999 240 240 236 237 -9999 -9999 -9999 -9999 -9999 -9999 -9999 -9999
-9999 -9999 -9999 -9999 -9999 -9999 -9999 227 227 227 226 226 227 227 226 226 225 225 228 229 226 225 226 228 231 235 241 239 239 240 249 254 256 274 280 291 304 301 337 327 339 331 311 312 311 328 337 345 349 356 357 355 352 351 348 339 320 330 294 256 245 242 -9999 -9999 -9999 -9999 -9999 -9999 -9999 -9999 -9999 -9999 -9999 -9999 -9999 -9999 -9999 -9999 -9999 -9999 -9999 235 -9999 -9999 -9999 -9999 -9999 -9999 -9999 -9999 -9999
-9999 -9999 -9999 -9999 -9999 -9999 226 226 228 226 226 227 227 226 226 225 225 225 225 224 224 223 222 224 225 229 228 229 230 234 237 245 254 265 277 278 298 298 302 299 299 295 298 310 315 340 358 367 377 359 346 346 350 362 378 398 339 352 275 248 247 248 -9999 -9999 -9999 -9999 -9999 -9999 -9999 -9999 -9999 241 239 -9999 -9999 -9999 -9999 -9999 -9999 -9999 -9999 -9999 -9999 -9999 -9999 -9999 -9999 -9999 -9999 -9999 -9999
-9999 -9999 -9999 -9999 -9999 -9999 229 229 228 226 226 226 226 226 226 225 225 226 225 225 222 220 220 221 222 223 224 227 229 232 236 242 251 257 262 277 273 283 284 287 288 295 294 307 330 349 368 387 390 367 341 338 357 384 382 358 347 348 289 258 257 260 242 -9999 -9999 -9999 -9999 -9999 -9999 -9999 240 238 -9999 -9999 -9999 -9999 -9999 -9999 -9999 -9999 -9999 -9999 -9999 -9999 -9999 -9999 -9999 -9999 -9999 -9999 -9999
-9999 -9999 -9999 -9999 -9999 -9999 229 228 226 226 226 227 228 229 229 228 229 228 225 223 222 222 221 222 223 224 228 230 231 233 239 242 241 245 248 262 275 278 284 293 285 295 294 309 316 346 364 372 379 393 387 362 360 357 351 332 344 299 311 318 294 309 269 244 -9999 -9999 -9999 -9999 -9999 -9999 -9999 234 -9999 -9999 -9999 -9999 -9999 -9999 -9999 -9999 -9999 -9999 -9999 -9999 -9999 -9999 -9999 -9999 -9999 -9999 -9999
-9999 -9999 -9999 -9999 -9999 -9999 -9999 227 226 228 227 228 228 230 231 230 228 226 225 223 224 224 225 225 226 226 228 231 232 238 237 236 239 243 247 256 276 279 271 275 276 287 295 306 315 331 329 358 429 403 374 336 313 301 308 316 298 290 318 323 318 283 251 -9999 -9999 -9999 -9999 -9999 -9999 -9999 -9999 -9999 -9999 -9999 -9999 -9999 -9999 -9999 -9999 -9999 -9999 -9999 -9999 -9999 -9999 -9999 -9999 -9999 -9999 -9999 -9999
-9999 -9999 -9999 -9999 -9999 -9999 -9999 -9999 230 -9999 228 228 230 230 231 231 228 227 225 224 225 227 229 228 229 228 228 231 232 233 235 236 238 243 246 248 259 275 272 259 284 293 285 278 290 290 298 351 399 329 310 285 269 266 275 283 299 289 267 257 247 -9999 -9999 -9999 -9999 -9999 -9999 -9999 -9999 -9999 -9999 -9999 -9999 -9999 -9999 -9999 -9999 -9999 -9999 -9999 -9999 -9999 -9999 -9999 -9999 -9999 -9999 -9999 -9999 -9999 -9999
-9999 -9999 -9999 -9999 -9999 -9999 -9999 -9999 -9999 -9999 230 231 230 229 230 229 230 228 226 224 224 225 226 227 228 229 230 231 229 230 234 234 238 239 241 247 248 247 248 242 241 244 243 259 266 279 319 394 382 354 368 305 257 251 247 260 261 258 246 244 -9999 -9999 -9999 -9999 -9999 -9999 -9999 -9999 -9999 -9999 -9999 -9999 -9999 -9999 -9999 -9999 -9999 -9999 -9999 -9999 -9999 -9999 -9999 -9999 -9999 -9999 -9999 -9999 -9999 -9999 -9999
-9999 -9999 -9999 -9999 -9999 -9999 -9999 -9999 -9999 -9999 232 233 232 232 230 230 229 227 227 226 227 228 228 232 233 233 226 228 231 228 225 230 235 232 228 228 225 225 226 226 227 230 241 248 255 335 370 431 432 403 371 320 277 263 252 237 237 241 243 -9999 -9999 -9999 -9999 -9999 -9999 -9999 -9999 -9999 -9999 -9999 -9999 -9999 -9999 -9999 -9999 -9999 -9999 -9999 -9999 -9999 -9999 -9999 -9999 -9999 -9999 -9999 -9999 -9999 -9999 -9999 -9999
-9999 -9999 -9999 -9999 -9999 -9999 -9999 -9999 -9999 -9999 233 234 233 233 234 232 230 229 230 226 229 231 233 231 226 226 227 224 226 230 224 222 222 223 221 220 221 222 224 224 225 228 235 238 253 353 431 383 353 351 331 304 317 291 250 243 246 250 248 -9999 -9999 -9999 -9999 -9999 -9999 -9999 -9999 -9999 -9999 -9999 -9999 -9999 -9999 -9999 -9999 -9999 -9999 -9999 -9999 -9999 -9999 -9999 -9999 -9999 -9999 -9999 -9999 -9999 -9999 -9999 -9999
