data-raw/migclim_example_data/MigClim_Example/hsMap5.asc
ncols         255
nrows         223
xllcorner     -10.499999661
yllcorner     34.000000248
cellsize      0.166666667
NODATA_value  -9999
[rows 120 to 159 of 223, columns 91 to 181 of 255]
551 547 552 546 543 541 542 543 545 543 541 545 550 547 529 523 530 532 532 531 532 530 527 528 524 525 524 524 523 525 525 524 525 526 527 528 531 533 532 536 537 538 540 540 546 547 550 550 552 552 546 539 539 531 531 543 550 558 565 568 573 577 580 588 591 591 581 576 577 578 588 592 593 603 602 605 601 601 601 602 605 603 604 604 604 603 599 592 589 584 581
545 545 549 552 551 548 542 541 540 543 540 541 544 546 543 526 522 525 528 529 531 534 529 527 522 524 522 520 521 523 522 524 523 527 530 527 528 529 534 535 539 538 537 543 546 546 550 551 549 548 543 539 542 540 545 547 557 566 570 572 577 581 586 581 584 594 581 576 577 583 585 584 584 591 593 595 595 594 596 596 596 598 597 599 597 597 596 594 588 584 574
540 545 543 546 546 547 542 530 528 524 526 535 540 540 545 531 524 522 523 530 532 528 526 521 517 521 522 523 522 520 522 521 525 522 527 528 528 530 531 531 532 530 536 539 542 545 549 549 545 540 537 539 538 538 544 556 564 568 574 581 586 585 593 585 575 557 563 580 579 570 567 575 571 577 578 583 581 587 588 589 592 593 592 593 590 590 591 584 579 573 571
538 541 540 539 539 541 528 521 528 532 526 523 525 524 527 529 523 521 524 530 531 522 520 519 518 519 522 523 520 520 522 523 523 521 524 526 527 528 530 531 531 534 534 535 539 544 539 540 532 530 531 526 542 558 563 568 566 572 581 589 594 595 598 613 615 614 599 589 579 575 564 550 554 563 564 570 576 578 583 582 586 587 585 582 582 582 582 573 564 562 560
539 539 533 532 538 536 527 524 527 532 534 528 527 524 528 522 530 523 523 517 517 518 521 520 516 514 520 522 522 516 522 522 523 522 523 523 525 527 527 531 529 530 531 534 535 535 524 510 506 508 531 549 559 561 557 561 551 551 558 582 588 579 586 605 614 618 603 597 601 578 553 552 543 543 562 562 562 568 577 581 582 581 574 570 569 572 571 560 556 549 542
536 538 539 535 539 548 542 530 527 528 529 525 526 528 523 523 525 523 519 523 519 519 523 517 514 514 517 519 519 515 518 519 517 517 517 517 518 519 522 525 531 528 530 529 528 530 529 533 535 543 536 553 557 563 560 562 542 529 526 530 537 541 544 554 576 584 587 588 597 585 547 552 531 514 525 538 536 554 574 580 578 565 562 557 550 553 552 546 541 530 525
538 542 546 552 570 553 542 534 526 528 523 522 520 519 523 522 519 524 521 522 516 517 514 521 519 519 513 518 520 517 516 514 515 514 515 516 515 516 521 523 525 526 527 524 527 530 529 531 526 534 547 552 561 557 554 554 550 535 516 523 528 530 532 539 550 560 560 575 587 584 579 566 541 544 522 492 540 556 574 579 571 558 551 535 527 517 514 515 521 531 536
532 541 549 558 565 557 541 534 529 528 532 530 532 539 519 517 517 516 517 534 530 529 532 527 513 517 518 515 517 517 514 514 515 514 513 511 512 515 520 520 523 524 525 528 527 531 532 533 538 543 548 555 556 554 554 550 537 530 517 531 545 548 555 547 538 564 574 571 578 579 577 572 563 579 575 556 560 566 576 579 570 552 532 517 499 480 477 484 495 502 504
542 545 544 540 540 538 534 537 532 528 533 542 534 518 518 512 514 518 528 524 527 531 547 533 508 511 513 514 514 511 514 513 510 511 512 512 511 511 516 520 521 525 525 526 530 531 529 539 544 549 558 559 557 555 554 551 548 529 522 528 539 544 547 553 554 555 554 550 548 561 570 569 574 589 597 603 581 577 576 570 567 542 523 506 490 459 449 455 455 473 462
546 552 558 551 547 548 542 534 535 534 537 531 521 517 512 508 510 516 513 512 524 548 557 548 511 508 513 512 513 511 513 511 512 508 512 510 508 510 512 515 518 519 521 523 527 530 531 535 537 547 547 549 546 546 550 546 545 537 544 552 549 548 546 544 548 549 542 543 541 549 558 567 574 582 595 584 593 585 578 569 558 545 522 486 474 456 448 440 436 427 440
556 557 557 555 555 554 549 532 540 549 534 534 530 526 515 511 518 516 516 514 516 561 567 560 517 513 509 510 509 509 508 511 508 506 508 510 508 507 507 510 512 516 516 519 522 525 526 528 528 534 533 534 540 538 542 540 539 538 546 549 544 541 540 542 539 542 543 545 549 550 561 570 566 576 583 569 565 570 572 560 550 522 503 494 485 464 450 444 444 448 434
555 561 564 560 556 565 553 548 546 549 541 535 534 532 521 519 516 513 511 513 532 572 576 574 549 535 528 524 513 505 505 505 506 505 506 506 503 504 505 507 506 510 512 513 514 517 519 521 522 524 520 518 524 529 535 537 535 535 531 535 535 533 531 535 540 538 544 547 549 550 561 560 568 581 582 578 566 562 567 559 544 531 522 523 510 482 460 459 461 444 432
553 558 557 559 557 555 558 550 547 549 539 534 528 532 528 515 515 517 523 531 562 577 583 567 550 530 530 523 503 500 499 499 499 500 498 499 498 499 502 502 504 504 505 509 510 512 509 511 509 513 503 501 495 501 511 522 527 523 522 525 526 527 530 532 537 537 542 541 546 539 539 531 536 555 570 585 558 558 567 556 546 554 546 527 494 506 493 479 483 485 458
553 557 559 555 551 552 554 546 550 545 538 536 534 537 528 517 521 531 546 557 569 575 553 539 522 522 526 526 507 496 494 492 493 494 493 493 497 493 498 496 495 496 496 499 498 497 498 495 500 499 495 494 491 488 493 503 507 518 516 517 518 519 522 524 525 532 525 526 512 511 510 512 523 529 529 535 543 566 557 561 541 550 532 523 524 523 476 480 467 461 473
553 556 560 552 548 554 550 550 546 545 543 541 539 533 524 513 532 542 553 564 568 525 498 496 497 500 504 514 501 494 489 488 489 489 487 488 490 490 487 486 489 488 488 488 490 487 489 486 484 482 484 483 489 487 485 491 498 510 512 513 510 513 515 513 518 516 510 495 490 489 496 512 513 509 516 534 555 559 531 529 555 517 547 528 542 516 534 548 531 535 529
551 554 556 553 550 547 547 546 545 544 543 540 531 526 509 505 525 542 553 558 533 498 496 495 494 495 496 501 491 485 482 485 484 486 485 485 487 485 485 481 481 483 482 483 483 480 479 480 477 475 475 474 478 483 487 492 495 498 504 499 494 499 501 502 505 503 490 483 484 486 496 494 501 498 505 516 530 527 495 520 508 500 521 553 549 551 536 541 562 546 558
551 555 555 550 545 543 545 542 541 539 537 534 527 519 511 505 512 546 547 537 501 493 492 492 492 495 486 484 483 480 483 479 482 480 480 482 482 482 479 476 478 477 473 475 475 474 472 471 470 467 467 463 468 473 481 488 493 493 495 494 491 488 486 490 497 480 469 469 470 472 478 483 484 485 501 536 514 489 483 489 494 522 516 547 550 570 545 567 567 509 470
552 551 553 548 546 545 543 543 543 538 534 527 516 513 509 501 538 541 537 505 496 490 488 487 488 484 483 480 480 480 478 476 477 476 475 477 475 476 474 472 471 471 470 468 469 466 464 460 459 458 458 456 462 467 472 479 482 482 478 480 482 485 484 479 475 471 466 466 470 472 467 466 471 475 503 490 480 471 472 477 478 476 479 476 488 490 509 522 477 462 461
551 553 552 549 544 546 541 542 539 535 525 515 516 514 511 508 540 533 524 500 491 489 487 486 483 485 481 478 477 476 476 474 475 470 471 472 472 468 468 466 465 467 470 466 463 462 462 457 456 452 448 447 451 456 464 470 477 479 475 474 470 469 468 467 471 475 482 485 480 470 470 470 471 472 473 470 470 465 465 462 462 462 469 456 454 455 459 449 442 448 463
550 550 544 543 544 549 545 549 546 542 527 512 517 517 507 523 532 531 503 490 488 482 483 485 483 483 481 481 477 475 472 471 470 468 465 465 463 461 460 463 459 461 462 462 462 462 460 457 452 448 441 443 444 450 453 460 467 473 476 476 477 477 474 473 473 475 480 486 481 465 466 470 469 469 470 467 466 463 459 458 455 452 460 452 448 497 458 453 452 457 463
548 545 542 544 548 550 548 545 546 543 543 524 512 504 513 526 524 511 484 486 482 482 478 482 485 488 492 492 476 473 469 469 467 464 461 461 457 454 454 456 453 455 456 458 460 463 461 461 456 448 442 438 439 442 436 440 450 464 462 470 470 468 465 465 465 463 468 482 472 470 468 472 472 468 470 466 465 462 460 459 457 450 457 452 448 461 441 432 434 420 419
545 542 548 549 550 545 545 547 547 541 542 530 531 527 516 507 505 511 493 483 477 479 479 483 487 487 489 491 494 486 477 472 465 470 463 461 458 455 448 447 454 454 457 456 461 465 464 464 462 458 455 452 449 448 444 449 452 459 463 465 468 465 461 465 469 472 473 477 484 487 472 468 468 471 473 469 467 467 465 463 459 458 465 456 453 456 432 431 433 416 408
533 542 550 551 544 542 545 545 542 544 534 523 517 501 496 489 487 483 478 476 476 474 472 476 478 479 480 478 480 482 476 476 473 474 464 463 464 459 459 453 450 452 457 459 464 465 468 467 468 465 459 462 459 450 452 458 460 455 459 459 463 470 473 470 472 473 478 483 476 480 472 468 472 470 469 468 471 466 463 465 464 463 460 458 457 449 434 422 425 421 408
543 550 551 547 542 544 546 545 542 531 509 510 504 506 501 493 488 482 479 477 468 464 470 469 477 476 479 480 483 486 483 475 458 451 447 452 468 463 459 457 456 458 452 464 456 462 467 470 473 475 474 471 459 453 447 448 455 466 471 470 473 473 473 472 474 475 469 461 463 465 467 468 470 472 471 476 473 463 478 479 465 466 464 462 457 450 435 421 423 421 409
545 554 550 548 546 553 553 549 533 518 515 515 510 504 496 490 488 489 478 472 468 463 464 464 466 471 475 476 485 485 471 486 450 424 446 470 459 451 421 446 466 446 450 448 436 421 422 441 415 446 466 453 449 472 476 473 474 474 474 469 473 471 468 460 455 457 457 463 461 464 466 467 472 474 474 476 473 466 467 465 481 474 480 471 467 462 444 429 419 420 409
553 550 549 551 557 560 557 526 514 514 514 511 498 498 494 490 487 483 483 480 476 469 470 468 455 444 460 456 475 492 483 446 423 405 433 443 409 414 430 440 478 461 451 478 445 439 456 483 453 486 484 493 489 488 472 476 481 475 473 473 475 474 473 454 452 456 461 462 463 469 472 477 475 479 479 473 476 472 477 492 495 486 482 484 465 465 448 438 423 415 403
553 550 557 561 568 571 539 518 518 515 513 501 495 487 488 497 498 486 486 485 472 467 426 437 425 437 464 483 490 479 448 411 404 406 413 453 408 421 474 484 478 487 489 487 487 487 484 482 488 491 494 496 494 484 488 485 474 465 462 470 465 467 472 455 461 468 474 475 469 469 482 483 482 484 488 488 496 501 490 479 480 491 489 487 479 471 458 445 435 420 411
561 559 561 566 574 550 527 514 516 512 502 513 491 494 499 492 491 488 484 452 407 423 415 437 427 443 441 458 472 475 427 423 415 413 430 468 480 492 489 482 486 488 477 480 475 473 482 481 485 487 489 492 489 482 474 473 471 465 463 460 460 458 460 460 460 469 487 488 484 490 504 500 490 491 491 508 503 507 490 488 493 490 499 500 483 484 470 457 445 437 421
563 564 570 576 564 545 515 515 510 518 546 524 491 490 494 488 459 436 421 409 437 435 432 464 462 478 458 468 471 452 426 406 422 436 459 402 445 501 490 537 487 488 481 486 479 482 480 478 476 476 482 482 489 488 486 481 476 472 475 474 473 464 461 467 467 477 500 501 501 514 510 516 509 510 507 504 510 508 504 514 509 502 498 507 494 490 478 469 455 445 434
571 564 570 573 562 536 508 510 541 538 495 502 496 495 495 493 491 487 473 484 455 486 481 481 475 478 480 492 501 495 477 494 498 489 485 450 495 505 552 520 498 496 489 486 478 472 470 466 485 503 547 508 486 484 484 481 480 481 481 470 468 464 476 481 486 490 493 500 498 517 520 521 524 522 522 516 520 513 505 502 501 494 484 497 513 500 491 479 471 458 446
552 568 571 572 561 514 513 537 523 513 502 497 505 465 501 496 439 417 415 412 462 514 483 488 518 513 488 525 505 496 507 512 511 514 514 467 495 496 566 516 492 488 484 489 556 519 469 542 460 461 475 478 494 553 509 495 488 484 500 510 488 479 472 480 480 491 520 540 529 529 522 522 518 524 533 528 525 529 530 518 506 503 506 505 515 512 505 492 487 477 466
548 566 561 557 558 519 541 555 550 511 518 513 514 439 438 440 425 430 412 436 500 493 543 497 506 500 530 534 517 511 497 506 503 512 520 503 499 596 556 491 489 483 505 564 548 458 427 418 426 435 446 447 450 465 559 499 484 484 480 487 491 501 488 486 505 513 550 537 534 550 546 540 533 522 521 533 541 541 538 543 536 528 521 526 523 521 514 508 503 495 485
546 534 542 556 561 566 571 565 517 516 513 518 466 482 514 509 516 496 500 500 498 541 506 468 470 476 475 472 482 500 519 560 558 533 552 545 598 523 495 533 562 548 468 446 435 415 413 416 414 419 427 428 431 440 512 553 483 471 465 463 466 478 489 479 480 494 559 583 578 563 551 540 532 542 535 527 534 546 549 547 552 543 539 535 528 527 524 524 517 512 508
547 539 562 569 574 564 564 570 534 556 518 530 530 475 459 463 459 500 498 511 496 451 445 446 451 443 441 441 440 434 433 448 467 515 511 459 500 576 572 576 463 434 430 428 417 416 419 415 413 417 -9999 -9999 -9999 -9999 429 558 512 485 471 466 465 466 468 535 534 563 575 573 566 558 540 539 530 541 545 523 471 484 524 554 552 545 544 538 533 539 532 530 532 527 523
541 548 567 567 560 564 541 537 554 530 542 544 488 454 446 511 517 531 446 398 409 395 400 402 407 411 411 412 408 411 409 416 419 413 432 432 429 421 426 432 433 438 423 417 419 414 417 -9999 -9999 -9999 -9999 -9999 -9999 425 479 508 517 492 497 465 464 466 479 529 550 554 559 564 561 543 536 553 555 555 544 502 477 514 515 523 547 552 546 546 540 538 543 548 542 541 537
535 529 568 560 562 549 549 544 527 550 548 501 525 501 469 539 553 409 361 363 359 363 360 369 378 374 379 380 392 399 399 400 398 378 385 389 398 396 393 393 398 403 416 406 413 412 -9999 -9999 -9999 -9999 -9999 -9999 -9999 409 473 505 459 541 -9999 481 461 469 464 509 539 548 543 554 540 522 531 553 555 556 561 564 561 549 563 564 557 548 536 541 542 538 542 547 545 542 547
541 510 527 537 536 532 566 556 553 479 486 480 542 547 522 555 471 392 386 396 389 381 366 352 350 350 357 376 374 380 377 380 378 371 373 378 378 374 376 373 386 382 386 397 391 400 -9999 -9999 -9999 -9999 -9999 -9999 -9999 -9999 434 491 457 453 421 381 422 465 464 462 490 517 532 531 534 542 554 553 559 536 570 548 546 563 563 533 533 539 523 522 520 523 536 542 548 554 547
553 487 561 531 544 533 538 549 518 450 465 549 543 483 543 555 419 383 378 389 365 359 345 337 331 344 408 470 458 413 400 380 368 368 357 357 356 354 356 355 362 366 375 378 383 383 382 -9999 -9999 -9999 -9999 -9999 -9999 -9999 395 416 417 -9999 407 -9999 398 504 461 463 449 451 508 515 520 546 557 565 552 567 550 572 560 564 546 554 557 564 536 519 512 516 517 520 524 523 520
480 489 539 554 531 537 538 538 548 549 494 540 536 504 542 550 404 389 389 388 374 374 360 328 332 393 495 546 533 536 530 446 390 372 363 348 343 340 335 328 337 348 353 361 366 365 -9999 -9999 -9999 -9999 -9999 -9999 -9999 -9999 -9999 -9999 -9999 -9999 368 -9999 345 464 456 446 440 443 443 475 452 467 478 543 569 562 562 578 572 573 564 549 541 558 559 552 553 531 522 517 516 518 510
453 487 547 535 530 529 530 539 529 529 542 540 502 454 540 530 479 412 397 388 439 404 382 395 432 420 529 539 548 553 531 491 523 469 415 402 349 335 326 313 321 335 344 349 347 345 -9999 -9999 -9999 -9999 -9999 -9999 -9999 -9999 -9999 -9999 -9999 -9999 344 -9999 -9999 363 446 443 444 436 440 441 473 452 457 462 555 484 485 497 518 499 550 564 563 534 546 555 543 546 565 516 550 541 524
