data-raw/migclim_example_data/MigClim_Example/hsMap5.asc
ncols         255
nrows         223
xllcorner     -10.499999661
yllcorner     34.000000248
cellsize      0.166666667
NODATA_value  -9999
[rows 40 to 79 of 223, columns 91 to 181 of 255]
-9999 -9999 -9999 -9999 -9999 -9999 -9999 -9999 -9999 -9999 -9999 -9999 -9999 -9999 -9999 -9999 -9999 -9999 -9999 -9999 -9999 -9999 -9999 -9999 -9999 -9999 -9999 -9999 -9999 -9999 -9999 -9999 -9999 -9999 -9999 407 400 388 384 395 401 391 389 390 381 381 381 381 380 380 381 380 381 381 381 382 381 380 380 379 378 378 377 375 372 369 369 368 368 368 367 368 368 367 368 369 368 368 368 368 369 369 369 368 369 368 369 370 369 370 370
-9999 -9999 -9999 -9999 -9999 -9999 -9999 -9999 -9999 -9999 -9999 -9999 -9999 -9999 -9999 -9999 -9999 -9999 -9999 -9999 -9999 -9999 -9999 -9999 -9999 -9999 -9999 -9999 -9999 -9999 -9999 -9999 -9999 436 403 392 379 376 376 393 390 386 381 385 384 389 386 382 381 379 380 382 382 382 382 382 384 382 381 380 380 379 378 376 373 370 371 369 368 368 368 368 369 368 369 369 368 369 368 368 369 368 369 368 368 369 370 369 369 369 370
-9999 -9999 -9999 -9999 -9999 -9999 -9999 -9999 -9999 -9999 -9999 -9999 -9999 -9999 -9999 -9999 -9999 -9999 -9999 -9999 -9999 -9999 -9999 -9999 -9999 -9999 -9999 -9999 -9999 -9999 -9999 -9999 421 403 395 383 372 370 370 399 402 408 405 392 384 382 381 382 380 380 380 383 383 383 382 381 381 381 381 381 380 380 378 377 375 372 371 371 369 370 370 369 369 368 370 369 368 369 368 367 368 368 369 369 369 369 368 369 370 370 370
-9999 -9999 -9999 -9999 -9999 -9999 -9999 -9999 -9999 -9999 -9999 -9999 -9999 -9999 -9999 -9999 -9999 -9999 -9999 -9999 -9999 -9999 -9999 -9999 -9999 -9999 -9999 -9999 -9999 -9999 -9999 431 415 404 394 378 377 383 400 417 418 408 392 390 386 384 382 382 381 381 382 382 383 383 383 381 381 383 381 381 380 379 378 377 377 374 372 371 371 371 371 369 368 369 370 370 368 368 368 368 368 368 368 368 368 369 369 369 368 369 369
-9999 -9999 -9999 -9999 -9999 -9999 -9999 -9999 -9999 -9999 -9999 -9999 -9999 -9999 -9999 -9999 -9999 -9999 -9999 -9999 -9999 -9999 -9999 460 456 -9999 -9999 -9999 -9999 434 434 418 404 393 384 388 390 402 431 421 415 405 399 390 386 385 385 382 382 382 382 381 382 381 381 380 382 381 382 382 382 381 380 379 378 375 375 373 372 372 372 371 370 371 370 369 369 370 368 368 368 367 368 367 367 368 368 369 369 368 369
-9999 -9999 -9999 -9999 -9999 -9999 -9999 -9999 -9999 -9999 -9999 -9999 -9999 -9999 -9999 -9999 -9999 -9999 -9999 -9999 -9999 -9999 461 451 450 442 442 -9999 425 413 416 418 414 401 386 -9999 440 425 419 406 393 387 386 386 386 385 384 384 383 382 382 381 381 381 382 384 381 382 382 383 383 379 378 379 376 375 372 373 372 373 371 370 371 370 371 369 369 370 368 368 368 367 366 366 367 367 367 369 368 368 369
-9999 -9999 -9999 -9999 -9999 -9999 -9999 -9999 -9999 -9999 -9999 -9999 -9999 -9999 -9999 -9999 -9999 -9999 -9999 468 470 -9999 448 448 433 432 421 419 403 403 406 419 427 410 438 428 426 424 411 403 390 387 393 388 386 385 385 385 384 381 382 381 381 383 382 382 382 384 385 384 384 381 379 378 376 375 373 373 371 371 371 371 370 371 370 368 368 368 368 368 367 367 367 367 366 367 367 368 -9999 -9999 -9999
-9999 -9999 -9999 -9999 -9999 -9999 -9999 -9999 -9999 -9999 -9999 -9999 -9999 -9999 -9999 -9999 -9999 -9999 -9999 -9999 441 451 438 423 405 406 412 392 392 406 423 411 420 437 416 401 403 405 406 391 386 385 386 386 386 386 385 384 383 382 382 381 381 382 382 384 385 386 386 386 383 383 382 379 376 375 375 374 371 372 371 370 371 370 370 369 369 369 368 367 368 367 367 367 367 367 367 -9999 -9999 -9999 -9999
-9999 -9999 -9999 -9999 -9999 -9999 -9999 -9999 -9999 -9999 -9999 -9999 -9999 -9999 -9999 -9999 -9999 461 453 455 446 441 423 418 406 401 399 403 399 403 411 405 400 422 402 391 388 390 386 386 387 387 386 385 385 386 385 385 384 383 382 382 382 381 381 381 384 385 386 384 383 382 381 378 375 375 373 374 373 373 372 371 369 369 370 369 368 369 369 368 367 367 367 367 -9999 -9999 -9999 -9999 -9999 -9999 -9999
-9999 -9999 -9999 -9999 -9999 -9999 -9999 -9999 -9999 -9999 -9999 -9999 -9999 -9999 457 438 433 423 418 422 427 435 436 421 398 388 382 383 384 386 401 386 392 397 393 391 391 386 387 386 385 386 386 385 385 386 385 385 384 384 383 381 381 380 381 380 381 383 388 385 383 381 381 379 378 375 375 374 375 373 370 372 370 369 369 369 367 368 368 368 368 368 368 -9999 -9999 -9999 -9999 -9999 -9999 -9999 -9999
-9999 -9999 -9999 -9999 -9999 -9999 -9999 -9999 -9999 -9999 -9999 -9999 455 458 441 430 421 418 412 398 402 382 401 382 380 378 380 379 380 382 383 392 390 385 386 384 384 384 383 384 383 384 384 385 385 385 384 383 383 382 381 380 381 381 381 382 383 383 385 384 382 382 380 378 377 375 375 374 374 373 372 371 371 370 369 368 367 367 367 368 369 -9999 -9999 -9999 -9999 -9999 -9999 -9999 -9999 -9999 -9999
-9999 -9999 -9999 -9999 -9999 -9999 -9999 -9999 -9999 473 454 459 433 424 425 388 417 392 385 367 370 368 372 374 376 378 380 382 382 385 383 383 384 384 383 383 383 382 381 382 383 383 384 384 385 385 384 384 384 382 381 381 381 381 381 381 381 383 384 383 382 380 379 376 377 377 377 376 374 372 372 371 371 370 369 370 367 368 368 373 -9999 -9999 -9999 -9999 -9999 -9999 -9999 -9999 -9999 -9999 -9999
-9999 -9999 -9999 -9999 -9999 -9999 -9999 460 471 459 444 436 409 413 380 368 369 365 363 363 365 368 372 375 379 380 381 382 382 383 384 384 383 382 383 382 380 381 381 381 381 383 382 384 384 384 384 384 383 382 382 382 382 382 383 382 380 382 384 383 382 382 381 379 379 377 375 374 374 374 374 372 371 372 371 370 369 368 -9999 -9999 -9999 -9999 -9999 -9999 -9999 -9999 -9999 -9999 -9999 -9999 -9999
-9999 -9999 -9999 -9999 -9999 487 478 451 421 393 392 381 370 384 377 371 366 365 366 367 364 367 372 374 378 380 381 383 383 383 383 383 382 381 381 382 382 380 380 381 382 381 381 383 383 383 383 382 382 383 382 383 383 381 383 383 386 380 380 380 381 382 381 378 377 377 374 373 374 373 372 372 372 372 372 373 373 374 -9999 -9999 -9999 -9999 -9999 -9999 -9999 -9999 -9999 -9999 -9999 -9999 -9999
-9999 -9999 -9999 486 476 456 421 403 412 391 376 369 371 372 365 365 366 368 368 371 375 373 374 376 379 381 385 383 384 383 383 382 380 380 380 381 380 381 378 379 380 380 382 382 382 382 382 383 382 382 382 382 383 383 383 385 387 386 385 384 382 381 381 379 377 375 378 376 375 374 374 374 374 374 374 376 377 -9999 -9999 -9999 -9999 -9999 -9999 -9999 -9999 -9999 -9999 -9999 -9999 -9999 -9999
-9999 468 476 466 453 433 424 410 400 386 377 384 372 366 368 367 372 373 368 364 367 366 372 376 379 381 385 388 385 383 383 382 380 380 379 379 379 386 385 378 379 378 382 382 382 383 384 385 383 382 383 381 382 382 381 383 384 382 383 383 380 378 379 378 378 379 379 379 378 377 380 378 378 377 378 379 -9999 -9999 -9999 -9999 -9999 -9999 -9999 -9999 -9999 -9999 -9999 -9999 -9999 -9999 -9999
-9999 485 457 443 407 398 388 384 378 372 380 366 364 367 371 369 369 372 372 375 376 373 374 378 379 381 386 388 390 391 382 381 380 380 379 381 386 383 384 384 381 381 380 380 380 381 382 383 384 387 386 384 383 381 381 381 381 382 380 381 380 379 380 379 377 379 381 381 381 380 378 377 379 379 380 380 380 -9999 -9999 -9999 -9999 -9999 -9999 -9999 -9999 -9999 -9999 -9999 -9999 -9999 -9999
-9999 -9999 470 462 441 428 415 396 378 368 374 366 368 367 369 370 370 368 368 374 375 378 379 380 380 380 381 384 381 386 392 387 388 379 378 378 380 386 393 394 380 382 380 380 381 380 381 380 380 384 389 388 385 383 380 379 380 381 380 380 381 383 383 384 383 379 380 379 379 380 380 379 379 381 382 -9999 -9999 -9999 -9999 -9999 -9999 -9999 -9999 -9999 -9999 -9999 -9999 -9999 -9999 -9999 -9999
-9999 -9999 469 457 438 424 421 406 392 369 365 365 373 369 375 393 377 372 372 372 375 376 376 378 378 379 380 382 382 381 382 381 381 392 380 379 379 381 394 395 386 385 387 386 384 385 383 383 383 383 393 392 387 386 383 382 383 379 380 381 381 383 389 384 383 385 383 383 384 382 381 381 381 383 382 -9999 -9999 -9999 -9999 -9999 -9999 -9999 -9999 -9999 -9999 -9999 -9999 -9999 -9999 -9999 -9999
-9999 -9999 480 459 438 406 402 387 377 368 365 389 371 382 414 411 381 378 372 374 375 374 375 376 379 381 380 380 379 380 382 384 392 403 393 379 380 379 382 397 407 393 392 391 385 393 392 393 392 385 387 391 393 394 392 391 390 386 385 386 388 388 390 385 385 384 383 383 382 383 384 383 383 383 384 -9999 -9999 -9999 -9999 -9999 -9999 -9999 -9999 -9999 -9999 -9999 -9999 -9999 -9999 -9999 -9999
489 476 462 454 433 426 402 381 373 375 382 383 367 391 391 375 379 375 375 375 376 377 376 380 383 390 399 384 383 382 380 384 384 394 422 402 392 392 389 396 408 404 396 392 392 393 398 404 396 391 388 391 392 394 394 391 392 394 398 400 393 391 388 387 385 384 383 381 381 381 381 384 384 384 386 -9999 -9999 -9999 -9999 -9999 -9999 -9999 -9999 -9999 -9999 -9999 -9999 -9999 -9999 -9999 -9999
-9999 487 466 440 424 407 382 379 372 367 369 367 372 372 381 375 375 376 377 377 376 377 379 379 381 383 386 393 388 393 391 395 407 401 402 421 426 416 403 399 411 416 413 402 403 403 405 403 398 400 395 393 395 391 394 399 393 394 395 404 403 399 394 390 386 386 386 382 382 383 383 385 385 387 387 387 -9999 -9999 -9999 -9999 -9999 -9999 -9999 -9999 -9999 -9999 -9999 -9999 -9999 -9999 -9999
-9999 495 487 470 423 421 420 379 377 371 382 386 376 372 371 375 376 376 377 377 377 378 379 384 393 395 387 381 383 397 407 400 407 426 410 418 436 446 449 435 421 417 423 419 414 418 412 406 409 404 399 398 399 400 397 401 399 397 392 397 401 401 395 390 389 389 389 387 385 383 384 385 387 386 388 390 -9999 -9999 -9999 -9999 -9999 -9999 -9999 -9999 -9999 -9999 -9999 -9999 -9999 -9999 -9999
-9999 -9999 501 477 461 420 411 376 368 368 385 389 392 397 373 374 378 378 378 378 382 386 387 386 387 387 409 386 385 385 407 429 421 441 428 415 415 408 416 441 417 410 412 433 431 419 408 405 407 410 415 405 397 398 400 402 401 403 403 397 400 401 401 396 395 395 393 387 387 387 387 390 388 388 389 389 392 391 -9999 392 -9999 -9999 -9999 -9999 -9999 -9999 -9999 -9999 -9999 -9999 -9999
-9999 -9999 512 496 427 392 401 363 357 366 381 405 394 375 376 377 378 378 379 381 381 383 384 385 386 383 380 394 398 399 393 396 440 433 469 420 405 412 434 445 434 445 422 426 433 419 417 414 414 424 421 418 407 401 404 401 401 403 402 406 404 402 394 395 399 398 396 393 390 388 388 388 390 390 391 393 393 392 395 394 393 -9999 390 -9999 -9999 -9999 -9999 -9999 -9999 -9999 -9999
-9999 -9999 509 509 462 433 393 378 382 357 367 385 375 375 375 377 377 379 379 380 381 381 380 381 383 391 392 389 390 417 437 444 459 471 451 429 427 436 479 477 460 461 447 435 441 424 425 421 432 434 435 420 424 417 410 406 405 398 402 403 406 407 406 403 402 400 396 395 392 390 390 391 392 394 394 395 397 395 397 397 394 394 391 390 -9999 -9999 -9999 -9999 -9999 382 382
-9999 -9999 -9999 504 487 451 447 439 375 357 368 384 376 377 377 378 379 381 380 381 380 380 380 381 388 383 408 403 425 450 461 464 497 507 438 443 462 477 501 499 484 458 442 432 444 438 437 426 431 437 448 432 428 431 423 416 411 412 407 407 407 405 410 410 406 407 400 396 396 396 395 395 395 398 398 400 401 399 402 400 399 396 394 392 389 -9999 -9999 -9999 -9999 -9999 -9999
-9999 -9999 -9999 502 457 464 434 392 369 358 370 383 378 378 377 379 381 379 380 381 382 382 381 383 395 406 398 399 435 438 463 485 434 487 492 519 532 503 511 501 479 472 454 459 460 466 462 447 438 441 458 446 434 439 426 419 419 417 419 419 418 419 408 406 405 406 405 405 403 401 400 402 402 402 402 404 407 409 409 407 403 400 398 394 392 389 -9999 -9999 -9999 -9999 -9999
-9999 -9999 -9999 493 479 -9999 471 428 400 362 372 377 388 379 378 381 386 395 387 385 395 385 382 383 390 400 434 408 414 443 468 491 474 518 527 543 544 522 517 511 500 483 471 459 470 478 483 478 448 446 462 465 464 446 435 433 435 426 427 426 425 418 426 417 419 415 414 410 409 408 407 411 411 414 413 415 419 418 415 413 411 407 402 398 397 395 391 -9999 -9999 -9999 -9999
-9999 -9999 -9999 482 482 461 448 438 397 393 393 392 400 382 379 379 386 381 395 421 401 399 399 403 392 419 446 463 426 437 464 468 499 528 536 538 553 549 534 526 507 493 486 482 473 464 479 498 493 495 483 480 481 477 466 450 445 445 432 430 432 436 434 437 433 428 425 421 421 419 418 421 423 421 425 427 429 428 429 426 423 415 406 402 -9999 -9999 -9999 -9999 -9999 -9999 -9999
-9999 -9999 -9999 489 479 477 458 464 452 424 407 397 380 380 378 381 392 381 404 427 438 435 436 433 431 428 465 466 420 429 436 484 517 543 556 -9999 566 559 541 535 516 504 506 503 494 477 471 473 492 498 498 497 498 492 486 482 463 459 453 442 440 432 441 446 443 439 435 432 428 427 426 427 430 432 432 438 445 448 449 448 442 422 412 411 -9999 -9999 -9999 -9999 -9999 -9999 -9999
-9999 -9999 -9999 508 499 -9999 -9999 486 469 440 424 391 383 381 381 387 406 401 406 421 436 400 440 421 440 438 465 481 485 490 485 508 526 549 569 -9999 571 567 557 536 522 514 516 512 511 507 495 504 510 508 510 512 511 504 502 498 489 466 464 457 447 457 464 460 454 452 446 442 436 432 430 433 435 437 439 448 452 460 465 464 451 424 421 419 -9999 -9999 -9999 -9999 -9999 -9999 -9999
-9999 -9999 -9999 -9999 -9999 -9999 506 500 466 440 420 399 390 397 386 387 406 429 407 417 435 430 439 427 436 465 480 485 495 505 514 523 543 555 -9999 -9999 -9999 574 563 557 545 521 514 513 509 513 500 514 523 526 515 518 514 509 502 502 497 482 471 466 472 470 465 457 454 451 447 447 442 437 439 440 443 447 452 455 458 467 472 466 453 447 443 -9999 -9999 -9999 -9999 -9999 -9999 -9999 -9999
-9999 -9999 -9999 -9999 -9999 525 507 494 475 448 410 399 406 411 401 396 408 435 447 423 430 443 458 473 452 471 493 500 515 521 -9999 -9999 -9999 -9999 -9999 -9999 -9999 -9999 -9999 570 544 528 514 517 516 515 521 530 535 533 528 525 519 512 507 504 491 483 468 467 463 467 456 453 456 457 456 454 452 452 455 456 459 456 463 468 470 478 480 471 -9999 -9999 -9999 -9999 -9999 -9999 -9999 -9999 -9999 -9999 -9999
-9999 -9999 -9999 -9999 -9999 527 499 474 461 449 427 422 437 420 410 408 432 439 468 441 462 475 479 483 485 493 510 519 -9999 -9999 -9999 -9999 -9999 -9999 -9999 -9999 -9999 -9999 -9999 576 555 545 526 528 523 518 539 541 538 534 533 530 526 517 511 503 490 481 481 470 475 476 459 469 475 470 472 466 457 454 455 456 462 465 473 477 482 -9999 -9999 -9999 -9999 -9999 -9999 -9999 -9999 -9999 -9999 -9999 -9999 -9999 -9999
-9999 -9999 -9999 -9999 -9999 -9999 485 476 476 457 447 448 461 454 443 432 466 470 494 470 483 498 496 500 509 520 527 -9999 -9999 -9999 -9999 -9999 -9999 -9999 -9999 -9999 -9999 -9999 -9999 586 572 555 540 541 535 543 548 547 545 539 532 528 519 514 503 504 494 489 483 489 492 491 482 490 485 481 487 494 489 487 486 479 478 478 -9999 -9999 -9999 -9999 -9999 -9999 -9999 -9999 -9999 -9999 -9999 -9999 -9999 -9999 -9999 -9999 -9999
-9999 -9999 -9999 -9999 -9999 -9999 -9999 509 481 468 464 478 478 479 467 477 495 488 491 500 494 490 498 519 527 -9999 -9999 -9999 -9999 -9999 -9999 -9999 -9999 -9999 -9999 -9999 -9999 -9999 -9999 593 581 573 555 546 553 555 552 549 544 531 529 522 509 494 462 498 489 480 493 498 499 496 497 501 504 501 500 493 485 484 487 489 494 -9999 -9999 -9999 -9999 -9999 -9999 -9999 -9999 -9999 -9999 -9999 -9999 -9999 -9999 -9999 -9999 -9999 -9999
-9999 -9999 -9999 -9999 -9999 -9999 -9999 -9999 -9999 -9999 477 490 494 481 484 491 495 498 498 504 501 500 518 -9999 -9999 -9999 -9999 -9999 -9999 -9999 -9999 -9999 -9999 -9999 -9999 -9999 -9999 -9999 -9999 -9999 591 572 562 553 549 555 549 545 536 533 523 515 501 491 472 492 486 494 504 500 495 496 499 499 494 495 489 483 492 486 492 496 505 -9999 -9999 -9999 -9999 -9999 -9999 -9999 -9999 -9999 -9999 -9999 -9999 -9999 -9999 -9999 -9999 -9999 -9999
-9999 -9999 -9999 -9999 -9999 -9999 -9999 -9999 -9999 -9999 -9999 -9999 501 498 500 503 500 501 503 503 -9999 -9999 -9999 -9999 -9999 -9999 -9999 -9999 -9999 -9999 -9999 -9999 -9999 -9999 -9999 -9999 -9999 -9999 -9999 -9999 -9999 580 567 560 556 552 541 539 533 527 517 501 492 480 473 470 467 499 503 479 481 487 497 500 488 492 504 484 480 494 506 508 513 -9999 -9999 -9999 -9999 -9999 -9999 -9999 -9999 -9999 -9999 -9999 -9999 -9999 -9999 -9999 -9999 -9999 -9999
-9999 -9999 -9999 -9999 -9999 -9999 -9999 -9999 -9999 -9999 -9999 -9999 -9999 -9999 -9999 -9999 -9999 -9999 -9999 -9999 -9999 -9999 -9999 -9999 -9999 -9999 -9999 -9999 -9999 -9999 -9999 -9999 -9999 -9999 -9999 -9999 -9999 -9999 -9999 -9999 -9999 580 569 563 558 555 549 529 516 515 498 492 485 471 467 461 488 504 469 460 474 468 474 484 482 482 496 495 489 494 512 514 507 -9999 -9999 -9999 -9999 -9999 -9999 -9999 -9999 -9999 -9999 -9999 476 464 453 443 -9999 -9999 -9999
