data-raw/migclim_example_data/MigClim_Example/hsMap3.asc
ncols         255
nrows         223
xllcorner     -10.499999661
yllcorner     34.000000248
cellsize      0.166666667
NODATA_value  -9999
[rows 40 to 79 of 223, columns 91 to 181 of 255]
-9999 -9999 -9999 -9999 -9999 -9999 -9999 -9999 -9999 -9999 -9999 -9999 -9999 -9999 -9999 -9999 -9999 -9999 -9999 -9999 -9999 -9999 -9999 -9999 -9999 -9999 -9999 -9999 -9999 -9999 -9999 -9999 -9999 -9999 -9999 366 367 367 370 371 372 374 375 376 378 379 380 380 381 381 384 383 382 382 382 382 381 378 374 372 371 371 370 370 370 367 367 366 366 368 366 368 368 368 369 369 368 370 370 370 370 369 370 368 369 369 370 371 370 371 371
-9999 -9999 -9999 -9999 -9999 -9999 -9999 -9999 -9999 -9999 -9999 -9999 -9999 -9999 -9999 -9999 -9999 -9999 -9999 -9999 -9999 -9999 -9999 -9999 -9999 -9999 -9999 -9999 -9999 -9999 -9999 -9999 -9999 373 368 368 367 365 366 370 373 376 376 378 380 380 380 380 381 381 383 384 383 382 382 382 383 380 375 374 372 371 370 368 369 368 368 368 366 366 366 367 368 368 370 370 369 370 369 369 369 369 370 369 369 369 371 370 370 370 371
-9999 -9999 -9999 -9999 -9999 -9999 -9999 -9999 -9999 -9999 -9999 -9999 -9999 -9999 -9999 -9999 -9999 -9999 -9999 -9999 -9999 -9999 -9999 -9999 -9999 -9999 -9999 -9999 -9999 -9999 -9999 -9999 372 371 369 368 366 366 366 371 375 377 378 379 381 382 382 384 383 382 382 384 385 384 382 378 377 376 375 375 373 372 371 369 368 370 368 367 366 367 367 367 368 368 369 369 368 370 369 369 368 368 369 369 370 369 369 370 371 370 371
-9999 -9999 -9999 -9999 -9999 -9999 -9999 -9999 -9999 -9999 -9999 -9999 -9999 -9999 -9999 -9999 -9999 -9999 -9999 -9999 -9999 -9999 -9999 -9999 -9999 -9999 -9999 -9999 -9999 -9999 -9999 373 372 371 370 369 368 367 371 374 377 379 381 381 382 384 384 384 383 381 384 383 384 384 383 379 377 374 372 373 372 371 371 369 371 369 368 367 367 367 367 366 367 368 368 369 369 368 369 368 368 368 367 368 369 369 370 369 368 369 369
-9999 -9999 -9999 -9999 -9999 -9999 -9999 -9999 -9999 -9999 -9999 -9999 -9999 -9999 -9999 -9999 -9999 -9999 -9999 -9999 -9999 -9999 -9999 376 375 -9999 -9999 -9999 -9999 373 374 371 370 369 368 368 370 373 376 377 379 380 381 382 384 384 384 384 384 382 381 381 381 380 379 378 376 373 372 370 371 369 370 369 369 368 369 368 367 367 367 367 366 368 367 368 368 369 368 368 368 367 368 367 367 368 368 369 368 367 368
-9999 -9999 -9999 -9999 -9999 -9999 -9999 -9999 -9999 -9999 -9999 -9999 -9999 -9999 -9999 -9999 -9999 -9999 -9999 -9999 -9999 -9999 376 373 374 372 372 -9999 372 372 373 372 372 371 370 -9999 376 378 379 380 381 382 384 384 386 385 384 385 384 382 381 381 380 379 377 376 373 371 371 371 370 370 370 369 370 369 368 368 367 368 367 366 367 367 367 367 367 368 367 367 366 365 365 365 366 367 367 368 366 367 364
-9999 -9999 -9999 -9999 -9999 -9999 -9999 -9999 -9999 -9999 -9999 -9999 -9999 -9999 -9999 -9999 -9999 -9999 -9999 376 378 -9999 372 373 370 371 370 370 371 372 373 373 373 373 377 377 380 382 382 383 383 385 384 385 386 386 386 384 383 382 383 380 379 379 377 373 371 371 371 370 371 370 371 370 369 369 368 369 368 368 368 366 366 366 367 366 367 367 366 365 365 365 364 366 365 365 365 365 -9999 -9999 -9999
-9999 -9999 -9999 -9999 -9999 -9999 -9999 -9999 -9999 -9999 -9999 -9999 -9999 -9999 -9999 -9999 -9999 -9999 -9999 -9999 370 373 371 369 370 369 370 371 374 373 375 376 377 379 379 380 383 383 383 383 385 386 387 386 386 386 385 384 383 382 382 380 378 377 375 372 371 370 370 369 370 369 369 369 369 368 369 368 367 368 367 367 365 365 365 365 365 365 365 365 366 364 364 364 363 364 364 -9999 -9999 -9999 -9999
-9999 -9999 -9999 -9999 -9999 -9999 -9999 -9999 -9999 -9999 -9999 -9999 -9999 -9999 -9999 -9999 -9999 375 373 374 372 371 370 370 372 372 372 373 375 376 379 380 379 381 382 382 383 383 382 382 383 384 386 386 386 387 386 386 384 383 382 382 380 379 377 373 372 370 370 370 370 370 370 369 369 370 368 369 367 368 366 366 365 365 366 365 364 364 363 365 364 364 364 362 -9999 -9999 -9999 -9999 -9999 -9999 -9999
-9999 -9999 -9999 -9999 -9999 -9999 -9999 -9999 -9999 -9999 -9999 -9999 -9999 -9999 372 369 368 367 366 366 368 370 373 372 371 374 376 378 379 379 380 382 381 382 383 383 383 382 382 382 384 386 385 385 386 387 386 385 384 383 382 380 379 377 376 374 373 372 371 369 370 369 370 370 370 369 370 369 369 368 367 366 367 365 366 366 364 364 363 363 363 364 363 -9999 -9999 -9999 -9999 -9999 -9999 -9999 -9999
-9999 -9999 -9999 -9999 -9999 -9999 -9999 -9999 -9999 -9999 -9999 -9999 371 373 369 365 364 364 363 362 364 367 369 371 373 375 378 379 381 382 382 381 383 383 384 383 384 383 382 382 380 383 384 385 385 385 384 383 382 381 379 377 377 374 373 373 373 372 371 371 370 371 370 370 369 370 369 369 369 368 368 367 366 365 365 365 363 363 363 362 364 -9999 -9999 -9999 -9999 -9999 -9999 -9999 -9999 -9999 -9999
-9999 -9999 -9999 -9999 -9999 -9999 -9999 -9999 -9999 372 369 371 367 365 366 362 364 359 361 361 364 369 372 374 376 377 378 381 381 382 383 383 382 382 382 382 382 381 379 378 377 379 381 382 384 384 382 381 382 380 378 377 375 374 374 374 373 373 371 372 371 371 371 370 371 370 369 370 368 367 367 367 366 365 364 364 362 362 363 364 -9999 -9999 -9999 -9999 -9999 -9999 -9999 -9999 -9999 -9999 -9999
-9999 -9999 -9999 -9999 -9999 -9999 -9999 370 371 369 366 364 362 363 362 362 363 362 365 364 366 370 373 374 379 381 381 383 384 384 385 384 383 382 379 378 378 375 377 379 377 376 377 377 380 381 381 380 378 378 375 375 373 373 372 373 374 372 373 371 371 371 371 370 371 370 370 369 369 368 367 366 366 365 364 363 361 361 -9999 -9999 -9999 -9999 -9999 -9999 -9999 -9999 -9999 -9999 -9999 -9999 -9999
-9999 -9999 -9999 -9999 -9999 379 375 366 363 361 360 360 359 360 361 362 362 367 368 370 364 367 373 374 378 382 383 384 383 382 383 383 380 380 377 376 376 375 377 378 375 376 373 374 377 377 377 377 376 376 376 377 376 374 373 372 373 372 373 372 371 371 371 371 371 371 370 369 369 369 368 367 366 366 364 364 363 363 -9999 -9999 -9999 -9999 -9999 -9999 -9999 -9999 -9999 -9999 -9999 -9999 -9999
-9999 -9999 -9999 378 375 371 366 362 360 358 358 359 359 360 364 366 367 370 371 373 376 374 375 376 379 379 380 382 383 382 381 378 376 377 377 374 373 373 371 373 372 370 371 373 375 375 375 375 374 375 375 375 375 375 373 373 374 373 373 373 373 371 372 372 371 370 371 369 369 368 367 367 367 365 365 365 364 -9999 -9999 -9999 -9999 -9999 -9999 -9999 -9999 -9999 -9999 -9999 -9999 -9999 -9999
-9999 371 374 373 373 370 367 365 359 352 352 350 356 360 362 368 373 374 368 363 366 365 371 376 378 377 379 379 379 382 382 382 378 377 376 377 374 369 369 370 370 370 371 371 372 373 373 373 372 373 374 374 374 374 373 373 373 372 373 373 372 371 372 372 371 371 371 369 369 367 369 367 366 367 366 365 -9999 -9999 -9999 -9999 -9999 -9999 -9999 -9999 -9999 -9999 -9999 -9999 -9999 -9999 -9999
-9999 377 373 374 371 371 370 365 360 357 353 359 361 369 372 371 371 373 374 377 378 373 373 378 379 377 375 374 375 376 377 377 377 377 375 372 370 369 370 370 369 370 370 371 371 372 372 372 372 374 375 374 375 373 372 373 372 373 372 372 373 372 372 372 371 371 370 370 369 368 368 366 366 367 366 367 366 -9999 -9999 -9999 -9999 -9999 -9999 -9999 -9999 -9999 -9999 -9999 -9999 -9999 -9999
-9999 -9999 380 378 371 370 366 365 363 360 357 360 369 369 370 363 372 366 368 375 376 379 380 381 380 377 377 373 376 375 373 374 373 373 376 373 370 370 373 374 370 371 370 371 371 372 372 372 373 375 379 379 376 375 373 372 372 373 373 372 373 373 373 373 372 371 371 370 370 369 369 369 368 368 367 -9999 -9999 -9999 -9999 -9999 -9999 -9999 -9999 -9999 -9999 -9999 -9999 -9999 -9999 -9999 -9999
-9999 -9999 385 380 372 368 366 365 363 359 362 364 360 368 366 362 360 370 372 372 375 376 377 379 378 378 376 374 375 376 373 374 373 372 372 373 370 369 374 376 373 372 372 372 371 372 373 373 375 376 382 381 378 377 375 374 374 372 372 373 373 373 375 373 371 372 371 370 370 369 368 369 369 369 370 -9999 -9999 -9999 -9999 -9999 -9999 -9999 -9999 -9999 -9999 -9999 -9999 -9999 -9999 -9999 -9999
-9999 -9999 399 384 373 367 365 365 364 361 362 354 365 364 366 366 367 367 366 375 375 372 374 376 373 370 373 374 374 374 372 372 370 373 370 369 369 369 371 378 387 377 377 375 373 377 377 380 380 378 379 381 382 381 380 378 377 375 374 374 375 374 375 373 373 372 371 371 371 370 370 370 371 372 372 -9999 -9999 -9999 -9999 -9999 -9999 -9999 -9999 -9999 -9999 -9999 -9999 -9999 -9999 -9999 -9999
390 393 389 385 372 371 366 366 363 360 358 357 366 365 367 372 370 370 373 374 376 378 376 373 372 370 371 372 373 372 372 370 369 371 381 375 372 373 373 379 389 386 379 377 376 378 382 386 383 381 379 381 381 381 379 378 378 379 378 380 377 376 374 373 373 372 371 371 372 372 372 375 374 374 375 -9999 -9999 -9999 -9999 -9999 -9999 -9999 -9999 -9999 -9999 -9999 -9999 -9999 -9999 -9999 -9999
-9999 399 391 379 374 371 367 366 365 363 363 366 367 368 368 371 375 377 378 378 377 377 375 376 374 373 373 371 372 370 369 371 374 374 374 381 385 383 381 380 390 392 392 384 385 385 386 385 384 385 383 381 382 379 380 381 378 378 378 382 381 379 376 374 373 373 373 371 371 374 375 376 375 375 376 376 -9999 -9999 -9999 -9999 -9999 -9999 -9999 -9999 -9999 -9999 -9999 -9999 -9999 -9999 -9999
-9999 405 406 398 374 373 373 364 363 365 360 362 366 369 371 375 376 376 377 376 376 377 376 375 374 374 373 375 372 371 374 372 374 382 376 380 389 394 396 397 392 392 396 393 390 394 391 387 389 387 384 383 382 383 381 383 380 380 377 379 381 380 376 374 374 372 373 373 375 375 376 376 376 375 376 377 -9999 -9999 -9999 -9999 -9999 -9999 -9999 -9999 -9999 -9999 -9999 -9999 -9999 -9999 -9999
-9999 -9999 417 406 394 371 371 360 354 354 357 361 365 366 371 373 379 378 378 378 377 375 375 374 375 374 376 375 374 373 374 381 379 387 383 379 379 377 381 397 387 386 387 399 398 393 389 387 388 391 392 385 381 381 383 383 381 382 382 379 380 379 378 377 375 375 374 374 377 377 378 378 377 376 377 377 378 377 -9999 378 -9999 -9999 -9999 -9999 -9999 -9999 -9999 -9999 -9999 -9999 -9999
-9999 -9999 416 410 373 359 365 354 347 345 357 362 366 370 365 372 375 376 377 377 377 377 376 377 376 375 375 375 375 374 371 371 384 383 394 379 376 378 389 392 393 397 392 396 397 392 391 392 391 395 393 391 385 381 383 381 381 382 380 383 381 380 376 376 377 376 375 377 377 378 378 378 378 378 377 378 377 376 378 379 378 -9999 377 -9999 -9999 -9999 -9999 -9999 -9999 -9999 -9999
-9999 -9999 410 411 390 375 359 352 346 342 361 361 372 373 373 375 375 376 377 378 378 379 377 377 376 375 376 375 375 377 382 386 390 394 387 382 382 386 398 400 398 399 397 396 399 393 395 393 397 398 398 390 392 389 384 383 383 379 381 380 382 381 381 379 378 377 376 377 378 379 379 379 378 379 378 378 378 377 378 378 378 379 377 377 -9999 -9999 -9999 -9999 -9999 369 370
-9999 -9999 -9999 413 405 384 379 375 348 350 365 363 373 375 375 375 377 378 377 379 378 377 377 376 375 376 377 376 381 388 392 391 403 405 384 386 393 394 401 402 401 396 392 391 396 395 395 392 395 396 398 393 391 391 389 387 384 384 382 382 382 380 383 381 379 379 377 378 379 380 380 379 378 379 378 378 378 376 378 378 379 379 378 377 376 -9999 -9999 -9999 -9999 -9999 -9999
-9999 -9999 -9999 411 386 389 373 358 351 352 358 362 371 372 375 375 377 376 379 379 378 377 377 376 374 375 375 375 382 383 390 399 381 399 401 408 409 401 403 402 396 397 394 395 399 401 402 398 395 394 400 395 392 392 389 386 386 386 387 387 387 386 381 381 379 380 379 381 381 381 381 381 380 380 379 379 377 377 376 378 379 379 379 378 377 374 -9999 -9999 -9999 -9999 -9999
-9999 -9999 -9999 405 401 -9999 395 371 358 349 356 365 367 372 374 373 375 377 376 378 376 375 377 373 374 374 382 376 377 383 392 401 395 411 414 417 416 405 404 404 401 397 396 395 400 403 403 403 396 395 400 399 399 394 391 390 392 389 390 388 388 386 388 384 384 382 382 381 382 383 382 383 382 383 381 380 380 380 378 378 380 381 380 379 377 375 370 -9999 -9999 -9999 -9999
-9999 -9999 -9999 398 404 389 383 378 361 355 356 359 364 369 370 369 373 377 375 376 376 375 375 374 374 378 387 392 380 383 391 390 402 415 417 413 419 414 408 406 400 398 397 400 397 395 399 403 404 403 400 397 398 397 397 394 394 394 389 389 390 392 392 392 390 388 386 384 386 386 385 386 386 384 382 385 383 382 383 380 382 382 382 378 -9999 -9999 -9999 -9999 -9999 -9999 -9999
-9999 -9999 -9999 398 398 396 388 398 395 370 361 363 368 370 372 369 372 375 375 377 378 378 379 379 380 379 396 394 378 381 383 396 408 419 422 -9999 425 421 413 409 404 400 398 401 397 398 394 397 400 402 401 401 400 397 399 401 396 397 395 394 392 391 392 395 394 392 391 390 388 388 388 388 389 388 387 387 387 386 385 385 386 382 381 379 -9999 -9999 -9999 -9999 -9999 -9999 -9999
-9999 -9999 -9999 405 407 -9999 -9999 414 404 378 368 364 368 368 370 370 373 374 374 376 378 374 379 376 382 383 396 402 402 403 398 408 414 421 427 -9999 427 424 421 411 406 402 404 402 398 401 398 398 402 402 403 403 401 403 403 405 404 399 400 398 396 398 401 399 399 397 396 394 392 390 390 390 390 388 388 391 389 390 388 389 386 383 380 376 -9999 -9999 -9999 -9999 -9999 -9999 -9999
-9999 -9999 -9999 -9999 -9999 -9999 410 410 395 377 369 366 367 367 370 371 374 375 375 375 376 377 379 377 379 392 402 403 406 410 413 413 422 423 -9999 -9999 -9999 426 423 419 414 405 402 403 400 402 397 401 404 405 403 404 404 403 404 404 405 404 400 398 401 400 400 399 397 396 395 396 394 392 392 393 392 393 392 393 392 391 391 389 386 383 379 -9999 -9999 -9999 -9999 -9999 -9999 -9999 -9999
-9999 -9999 -9999 -9999 -9999 410 406 405 398 381 368 368 368 369 369 370 373 376 378 375 376 378 384 390 383 394 406 410 414 417 -9999 -9999 -9999 -9999 -9999 -9999 -9999 -9999 -9999 424 413 406 404 403 402 402 406 408 409 408 407 407 406 405 406 406 404 401 398 398 398 397 397 396 397 397 398 397 396 395 398 397 398 395 395 395 394 394 394 390 -9999 -9999 -9999 -9999 -9999 -9999 -9999 -9999 -9999 -9999 -9999
-9999 -9999 -9999 -9999 -9999 415 403 395 391 383 372 370 373 370 371 371 375 377 383 377 382 388 390 395 397 402 416 419 -9999 -9999 -9999 -9999 -9999 -9999 -9999 -9999 -9999 -9999 -9999 426 416 413 408 408 405 405 413 413 414 414 412 412 410 409 408 407 407 404 403 399 402 402 397 401 401 400 400 400 398 395 397 398 399 396 398 398 395 -9999 -9999 -9999 -9999 -9999 -9999 -9999 -9999 -9999 -9999 -9999 -9999 -9999 -9999
-9999 -9999 -9999 -9999 -9999 -9999 399 398 406 393 382 378 384 380 377 375 385 386 396 385 389 400 400 404 411 422 427 -9999 -9999 -9999 -9999 -9999 -9999 -9999 -9999 -9999 -9999 -9999 -9999 433 426 418 414 414 412 414 418 419 417 417 413 415 412 411 409 410 408 407 405 405 406 405 404 405 403 402 402 404 402 404 404 404 401 398 -9999 -9999 -9999 -9999 -9999 -9999 -9999 -9999 -9999 -9999 -9999 -9999 -9999 -9999 -9999 -9999 -9999
-9999 -9999 -9999 -9999 -9999 -9999 -9999 416 409 405 397 402 397 396 388 394 405 396 397 402 400 399 404 419 426 -9999 -9999 -9999 -9999 -9999 -9999 -9999 -9999 -9999 -9999 -9999 -9999 -9999 -9999 438 433 433 423 423 424 423 421 422 420 415 417 414 410 406 398 407 407 406 407 408 409 408 409 408 406 407 407 405 404 403 405 403 405 -9999 -9999 -9999 -9999 -9999 -9999 -9999 -9999 -9999 -9999 -9999 -9999 -9999 -9999 -9999 -9999 -9999 -9999
-9999 -9999 -9999 -9999 -9999 -9999 -9999 -9999 -9999 -9999 405 411 413 399 403 407 410 412 408 413 416 418 426 -9999 -9999 -9999 -9999 -9999 -9999 -9999 -9999 -9999 -9999 -9999 -9999 -9999 -9999 -9999 -9999 -9999 445 433 434 431 427 429 425 424 421 421 418 417 409 407 403 408 408 409 412 410 408 408 408 407 405 406 404 403 405 403 404 406 405 -9999 -9999 -9999 -9999 -9999 -9999 -9999 -9999 -9999 -9999 -9999 -9999 -9999 -9999 -9999 -9999 -9999 -9999
-9999 -9999 -9999 -9999 -9999 -9999 -9999 -9999 -9999 -9999 -9999 -9999 420 420 425 425 423 423 421 419 -9999 -9999 -9999 -9999 -9999 -9999 -9999 -9999 -9999 -9999 -9999 -9999 -9999 -9999 -9999 -9999 -9999 -9999 -9999 -9999 -9999 443 438 434 433 430 425 424 424 424 417 411 408 406 405 404 403 413 411 405 405 407 407 408 405 405 407 404 402 405 408 408 407 -9999 -9999 -9999 -9999 -9999 -9999 -9999 -9999 -9999 -9999 -9999 -9999 -9999 -9999 -9999 -9999 -9999 -9999
-9999 -9999 -9999 -9999 -9999 -9999 -9999 -9999 -9999 -9999 -9999 -9999 -9999 -9999 -9999 -9999 -9999 -9999 -9999 -9999 -9999 -9999 -9999 -9999 -9999 -9999 -9999 -9999 -9999 -9999 -9999 -9999 -9999 -9999 -9999 -9999 -9999 -9999 -9999 -9999 -9999 443 440 437 435 436 433 425 418 420 412 411 408 404 403 399 409 414 403 400 404 402 404 404 404 403 406 407 405 407 410 409 407 -9999 -9999 -9999 -9999 -9999 -9999 -9999 -9999 -9999 -9999 -9999 385 383 380 378 -9999 -9999 -9999
