data-raw/migclim_example_data/MigClim_Example/hsMap2.asc
ncols         255
nrows         223
xllcorner     -10.499999661
yllcorner     34.000000248
cellsize      0.166666667
NODATA_value  -9999
[rows 80 to 119 of 223, columns 91 to 181 of 255]
-9999 -9999 -9999 -9999 -9999 -9999 -9999 -9999 -9999 -9999 -9999 -9999 -9999 -9999 -9999 -9999 -9999 -9999 -9999 -9999 -9999 -9999 -9999 -9999 -9999 -9999 -9999 -9999 -9999 -9999 -9999 -9999 -9999 -9999 -9999 -9999 -9999 -9999 -9999 -9999 -9999 -9999 415 414 414 408 407 401 397 397 393 390 391 386 386 387 387 387 385 386 385 385 386 386 387 386 387 388 388 387 389 388 -9999 -9999 -9999 -9999 -9999 -9999 -9999 -9999 -9999 -9999 380 375 371 373 -9999 -9999 -9999 -9999 -9999
-9999 -9999 -9999 -9999 -9999 -9999 -9999 -9999 -9999 -9999 -9999 -9999 -9999 -9999 -9999 -9999 -9999 -9999 -9999 -9999 -9999 -9999 -9999 -9999 -9999 -9999 -9999 -9999 -9999 -9999 -9999 415 415 417 422 -9999 -9999 -9999 -9999 -9999 -9999 -9999 -9999 421 416 410 413 405 405 402 399 397 395 391 389 388 389 388 385 384 385 388 387 387 388 388 387 388 388 387 388 388 -9999 -9999 -9999 -9999 -9999 -9999 -9999 -9999 -9999 381 380 378 375 -9999 -9999 -9999 -9999 -9999 -9999
-9999 -9999 -9999 -9999 -9999 -9999 -9999 -9999 -9999 -9999 -9999 -9999 -9999 -9999 -9999 -9999 -9999 -9999 -9999 -9999 -9999 -9999 -9999 -9999 -9999 -9999 -9999 -9999 -9999 -9999 428 421 421 417 418 -9999 -9999 -9999 -9999 -9999 -9999 -9999 -9999 423 425 420 414 414 407 401 402 399 396 395 392 393 392 391 388 388 388 389 389 389 388 388 389 388 388 387 389 388 -9999 -9999 -9999 -9999 -9999 -9999 -9999 -9999 -9999 376 379 379 379 -9999 -9999 -9999 -9999 -9999 -9999
-9999 -9999 -9999 -9999 -9999 -9999 -9999 -9999 -9999 -9999 -9999 -9999 -9999 -9999 -9999 -9999 -9999 -9999 -9999 -9999 -9999 -9999 -9999 -9999 -9999 -9999 -9999 -9999 -9999 438 438 429 426 424 428 -9999 -9999 430 431 -9999 -9999 -9999 -9999 -9999 -9999 427 420 414 407 406 404 401 401 400 397 397 394 391 391 389 390 388 389 387 388 388 389 390 389 388 390 -9999 -9999 387 384 -9999 -9999 -9999 -9999 -9999 -9999 376 376 380 -9999 -9999 -9999 -9999 -9999 -9999 -9999
-9999 -9999 -9999 -9999 -9999 -9999 -9999 -9999 -9999 -9999 -9999 -9999 -9999 -9999 -9999 -9999 -9999 -9999 -9999 -9999 -9999 -9999 -9999 428 433 430 439 441 446 448 443 434 435 436 438 -9999 -9999 -9999 -9999 -9999 -9999 -9999 -9999 -9999 -9999 432 425 419 414 411 410 406 405 404 403 400 401 394 392 392 393 392 390 388 388 388 389 389 387 390 390 -9999 -9999 386 -9999 -9999 -9999 -9999 -9999 -9999 -9999 377 377 -9999 -9999 -9999 -9999 -9999 -9999 -9999 -9999
-9999 -9999 -9999 -9999 -9999 -9999 -9999 -9999 -9999 -9999 -9999 -9999 -9999 -9999 -9999 -9999 -9999 -9999 -9999 -9999 -9999 -9999 432 432 435 437 441 445 440 446 444 448 449 443 -9999 -9999 -9999 -9999 -9999 -9999 -9999 -9999 -9999 -9999 -9999 -9999 438 431 422 416 413 412 406 408 408 407 404 399 398 399 396 396 392 388 388 390 390 388 390 390 393 -9999 387 387 -9999 -9999 -9999 -9999 -9999 -9999 -9999 376 -9999 -9999 -9999 -9999 -9999 -9999 -9999 -9999 -9999
-9999 -9999 -9999 -9999 -9999 -9999 -9999 -9999 -9999 -9999 -9999 -9999 -9999 -9999 -9999 -9999 -9999 -9999 -9999 -9999 -9999 442 438 439 437 440 440 449 448 449 448 454 456 456 -9999 -9999 -9999 -9999 -9999 -9999 -9999 -9999 -9999 -9999 -9999 -9999 -9999 -9999 430 427 417 409 409 412 411 412 408 404 400 403 398 400 397 394 393 391 391 393 391 392 392 389 388 -9999 -9999 -9999 -9999 -9999 -9999 -9999 -9999 -9999 -9999 -9999 -9999 -9999 -9999 -9999 -9999 -9999 -9999
-9999 -9999 -9999 -9999 -9999 -9999 -9999 -9999 -9999 -9999 -9999 -9999 -9999 -9999 -9999 -9999 -9999 -9999 -9999 -9999 -9999 450 446 450 439 440 444 445 448 455 461 460 450 454 453 -9999 -9999 -9999 -9999 -9999 -9999 -9999 -9999 -9999 -9999 -9999 -9999 -9999 -9999 436 427 416 416 411 415 414 409 408 405 403 402 400 397 397 396 396 396 396 397 397 395 393 -9999 -9999 -9999 -9999 -9999 -9999 -9999 -9999 -9999 -9999 -9999 -9999 -9999 -9999 -9999 -9999 -9999 -9999 -9999
-9999 -9999 -9999 -9999 -9999 -9999 -9999 -9999 -9999 -9999 -9999 -9999 -9999 -9999 -9999 -9999 -9999 -9999 -9999 -9999 458 456 451 451 442 446 444 445 441 449 460 458 452 451 456 455 457 460 -9999 -9999 -9999 -9999 -9999 -9999 -9999 -9999 -9999 -9999 436 430 426 420 417 418 417 417 417 413 410 405 405 403 403 402 402 401 401 403 404 -9999 399 401 -9999 -9999 -9999 -9999 -9999 -9999 -9999 -9999 -9999 -9999 -9999 -9999 -9999 -9999 -9999 -9999 -9999 -9999 -9999
-9999 -9999 -9999 -9999 -9999 -9999 -9999 -9999 -9999 -9999 -9999 -9999 -9999 -9999 -9999 -9999 -9999 -9999 -9999 -9999 -9999 460 452 448 449 448 446 444 441 450 454 449 447 454 461 461 465 -9999 -9999 -9999 -9999 -9999 -9999 -9999 -9999 -9999 -9999 458 455 444 432 425 421 423 423 423 428 420 418 415 413 411 415 412 410 412 405 410 -9999 -9999 407 -9999 -9999 -9999 -9999 -9999 -9999 -9999 -9999 -9999 -9999 -9999 -9999 -9999 -9999 -9999 -9999 -9999 -9999 -9999 -9999
-9999 -9999 -9999 -9999 -9999 -9999 -9999 -9999 -9999 -9999 -9999 -9999 -9999 -9999 -9999 -9999 -9999 -9999 -9999 -9999 461 461 455 452 450 445 451 443 440 439 452 451 452 458 -9999 -9999 -9999 -9999 -9999 -9999 -9999 -9999 -9999 -9999 468 471 468 469 464 451 437 435 430 426 427 428 435 433 429 424 425 -9999 -9999 -9999 -9999 -9999 -9999 -9999 -9999 -9999 -9999 -9999 -9999 -9999 -9999 -9999 -9999 -9999 -9999 -9999 -9999 -9999 -9999 -9999 -9999 -9999 -9999 -9999 -9999 -9999 -9999
-9999 -9999 -9999 -9999 -9999 -9999 -9999 -9999 -9999 -9999 -9999 -9999 -9999 -9999 -9999 -9999 -9999 -9999 -9999 -9999 -9999 470 460 460 460 456 452 448 447 446 455 456 460 470 -9999 467 -9999 -9999 -9999 -9999 -9999 463 468 470 475 474 476 479 471 462 450 445 442 439 433 433 440 438 -9999 -9999 -9999 -9999 -9999 -9999 -9999 -9999 -9999 -9999 -9999 -9999 -9999 -9999 -9999 -9999 -9999 -9999 -9999 -9999 -9999 -9999 -9999 -9999 -9999 -9999 -9999 -9999 -9999 -9999 -9999 -9999 -9999
-9999 -9999 -9999 -9999 -9999 -9999 -9999 -9999 -9999 -9999 -9999 -9999 -9999 -9999 -9999 -9999 -9999 -9999 -9999 -9999 -9999 470 462 462 461 458 452 448 447 448 457 456 -9999 -9999 -9999 -9999 -9999 -9999 484 485 479 475 475 470 476 481 484 488 -9999 473 462 455 452 442 437 433 433 443 -9999 -9999 -9999 -9999 -9999 -9999 -9999 -9999 -9999 -9999 -9999 -9999 -9999 -9999 -9999 -9999 -9999 -9999 -9999 -9999 -9999 -9999 -9999 -9999 -9999 -9999 -9999 -9999 -9999 -9999 -9999 -9999 -9999
-9999 -9999 -9999 -9999 -9999 -9999 -9999 -9999 -9999 -9999 -9999 -9999 -9999 -9999 -9999 -9999 -9999 -9999 -9999 -9999 475 476 468 467 468 461 456 456 448 460 481 -9999 483 483 495 -9999 -9999 -9999 500 492 480 484 482 475 472 479 485 488 -9999 475 471 463 461 453 453 446 441 444 -9999 -9999 -9999 -9999 -9999 -9999 -9999 -9999 -9999 -9999 -9999 -9999 -9999 -9999 -9999 -9999 -9999 -9999 -9999 -9999 -9999 -9999 -9999 -9999 -9999 -9999 -9999 -9999 -9999 -9999 -9999 -9999 -9999
-9999 -9999 -9999 -9999 -9999 -9999 -9999 -9999 -9999 -9999 -9999 -9999 -9999 -9999 -9999 -9999 -9999 -9999 -9999 -9999 -9999 -9999 479 476 472 471 464 461 457 472 495 500 487 495 502 508 504 -9999 -9999 494 482 485 489 486 483 482 -9999 -9999 -9999 481 474 472 466 469 466 465 458 456 -9999 -9999 -9999 -9999 -9999 -9999 -9999 -9999 -9999 -9999 -9999 -9999 -9999 -9999 -9999 -9999 -9999 -9999 -9999 -9999 -9999 -9999 -9999 -9999 -9999 -9999 -9999 -9999 -9999 -9999 -9999 -9999 -9999
-9999 -9999 -9999 -9999 -9999 -9999 -9999 -9999 -9999 -9999 -9999 -9999 -9999 -9999 -9999 -9999 -9999 -9999 -9999 -9999 -9999 -9999 -9999 -9999 482 474 470 466 465 482 -9999 499 490 500 503 505 512 -9999 -9999 501 495 492 489 476 484 485 482 -9999 -9999 -9999 -9999 -9999 -9999 -9999 -9999 -9999 -9999 -9999 -9999 -9999 441 440 -9999 -9999 -9999 -9999 -9999 -9999 -9999 -9999 -9999 -9999 -9999 -9999 -9999 -9999 -9999 -9999 -9999 -9999 -9999 -9999 -9999 -9999 -9999 -9999 -9999 -9999 -9999 -9999 -9999
-9999 -9999 -9999 -9999 -9999 -9999 -9999 -9999 -9999 -9999 -9999 -9999 -9999 -9999 -9999 -9999 -9999 -9999 -9999 -9999 -9999 -9999 -9999 485 487 482 479 474 473 488 513 -9999 -9999 499 513 509 514 528 -9999 -9999 -9999 -9999 502 488 477 -9999 -9999 -9999 -9999 -9999 -9999 -9999 -9999 -9999 -9999 -9999 -9999 -9999 -9999 -9999 461 448 452 -9999 -9999 -9999 -9999 -9999 -9999 -9999 -9999 -9999 -9999 -9999 -9999 -9999 -9999 -9999 -9999 -9999 -9999 -9999 -9999 -9999 -9999 -9999 -9999 -9999 -9999 -9999 -9999
-9999 -9999 -9999 -9999 -9999 -9999 -9999 -9999 -9999 -9999 -9999 -9999 -9999 -9999 -9999 -9999 -9999 -9999 -9999 -9999 -9999 -9999 -9999 -9999 494 489 489 484 484 491 525 518 -9999 -9999 505 518 519 -9999 525 521 514 -9999 518 494 476 474 476 -9999 -9999 -9999 -9999 -9999 -9999 -9999 -9999 -9999 -9999 -9999 -9999 -9999 -9999 -9999 -9999 -9999 -9999 -9999 -9999 -9999 -9999 -9999 -9999 -9999 -9999 -9999 -9999 -9999 -9999 -9999 -9999 -9999 -9999 -9999 -9999 -9999 -9999 -9999 -9999 -9999 -9999 -9999 -9999
-9999 -9999 -9999 -9999 -9999 -9999 -9999 -9999 -9999 -9999 -9999 -9999 -9999 -9999 -9999 -9999 -9999 -9999 -9999 -9999 -9999 -9999 -9999 -9999 498 494 497 494 501 491 502 507 -9999 -9999 -9999 -9999 504 -9999 521 520 518 526 523 502 483 -9999 -9999 -9999 -9999 -9999 -9999 -9999 -9999 -9999 -9999 -9999 -9999 -9999 -9999 -9999 -9999 -9999 -9999 -9999 -9999 -9999 -9999 -9999 -9999 -9999 -9999 -9999 -9999 -9999 -9999 483 470 456 454 449 445 441 440 -9999 -9999 -9999 -9999 -9999 -9999 -9999 -9999
-9999 -9999 -9999 -9999 -9999 -9999 -9999 -9999 -9999 -9999 -9999 -9999 -9999 -9999 -9999 -9999 -9999 -9999 -9999 -9999 -9999 -9999 -9999 -9999 -9999 501 497 503 506 512 509 516 -9999 -9999 -9999 -9999 -9999 -9999 -9999 -9999 -9999 -9999 -9999 -9999 -9999 -9999 -9999 -9999 -9999 -9999 -9999 500 505 495 -9999 -9999 -9999 -9999 -9999 -9999 -9999 -9999 -9999 -9999 -9999 -9999 -9999 -9999 -9999 -9999 -9999 513 517 519 506 493 478 476 465 451 449 442 441 -9999 -9999 -9999 -9999 -9999 -9999 -9999 -9999
-9999 -9999 -9999 -9999 -9999 -9999 -9999 -9999 -9999 -9999 -9999 -9999 -9999 -9999 -9999 -9999 -9999 -9999 -9999 -9999 -9999 -9999 -9999 -9999 509 506 504 508 511 517 522 522 515 514 517 -9999 -9999 -9999 523 524 -9999 -9999 -9999 -9999 -9999 -9999 -9999 500 494 501 500 502 502 508 -9999 -9999 -9999 -9999 -9999 -9999 -9999 -9999 -9999 -9999 -9999 -9999 -9999 -9999 -9999 -9999 510 519 522 522 512 497 486 472 463 457 451 442 439 440 455 -9999 -9999 -9999 -9999 -9999 484
-9999 -9999 -9999 -9999 -9999 -9999 -9999 -9999 -9999 -9999 -9999 -9999 -9999 -9999 -9999 -9999 -9999 -9999 -9999 -9999 -9999 -9999 -9999 -9999 517 514 512 516 521 521 523 521 517 515 515 519 513 529 534 -9999 -9999 -9999 -9999 -9999 -9999 508 505 499 494 498 500 502 508 -9999 -9999 -9999 -9999 -9999 -9999 -9999 -9999 -9999 -9999 -9999 -9999 -9999 540 526 510 502 511 513 520 520 510 502 492 478 468 460 456 450 446 452 464 472 483 488 480 477 488
-9999 -9999 -9999 -9999 -9999 -9999 -9999 -9999 -9999 -9999 -9999 -9999 -9999 -9999 -9999 -9999 -9999 -9999 -9999 -9999 -9999 -9999 -9999 -9999 -9999 526 520 523 525 526 523 526 522 524 525 521 525 532 -9999 -9999 -9999 528 521 518 516 512 504 504 506 502 506 504 505 517 530 539 -9999 -9999 -9999 -9999 -9999 547 551 551 557 555 546 530 513 508 510 511 513 516 508 503 495 487 479 474 469 463 461 466 474 486 492 495 499 492 486
-9999 -9999 -9999 -9999 -9999 -9999 -9999 -9999 -9999 -9999 -9999 -9999 -9999 -9999 -9999 -9999 -9999 -9999 -9999 -9999 -9999 -9999 -9999 -9999 -9999 529 532 531 533 530 530 529 529 529 528 533 535 539 539 533 538 528 523 528 527 520 515 508 505 509 509 513 517 527 537 546 553 564 559 559 557 554 549 546 545 541 533 527 520 520 515 517 516 516 519 519 517 509 499 490 486 480 476 478 487 496 492 493 495 486 482
-9999 -9999 -9999 -9999 -9999 -9999 -9999 -9999 -9999 -9999 -9999 -9999 -9999 -9999 -9999 -9999 -9999 -9999 533 532 -9999 -9999 -9999 538 534 537 535 535 536 535 532 535 532 535 535 538 537 538 540 538 535 539 538 533 527 523 520 517 513 511 506 514 524 537 544 552 560 564 -9999 565 557 552 549 545 533 532 530 522 519 524 528 532 540 536 531 531 527 525 517 507 504 501 496 493 502 504 496 495 492 491 490
-9999 -9999 -9999 -9999 -9999 -9999 -9999 -9999 -9999 -9999 -9999 -9999 -9999 -9999 532 530 529 528 532 532 535 539 535 536 538 541 539 536 536 539 537 537 538 535 537 539 541 541 544 541 542 542 540 538 533 527 528 521 520 514 520 524 528 534 542 552 560 561 559 563 560 555 550 547 540 543 537 532 532 534 537 539 543 549 547 541 542 535 527 523 516 514 509 513 516 507 503 502 500 499 497
-9999 -9999 -9999 -9999 -9999 -9999 -9999 533 530 528 530 528 530 533 535 533 531 532 535 532 535 534 538 538 541 545 541 540 538 538 541 540 543 544 543 543 545 545 545 548 545 548 547 545 540 536 531 526 522 522 523 522 525 535 542 557 553 562 559 559 560 560 561 560 549 547 549 549 544 547 551 557 557 560 558 560 546 548 538 539 527 526 533 530 522 512 511 508 511 503 500
-9999 -9999 -9999 -9999 -9999 548 535 535 533 537 532 534 537 541 535 537 536 534 537 537 533 537 539 539 542 544 544 542 541 539 539 540 542 544 544 544 550 547 548 551 552 549 552 548 546 538 539 540 531 536 535 540 540 542 554 556 560 564 565 561 562 572 571 568 565 565 567 565 565 565 566 567 574 576 574 570 564 560 551 549 543 546 537 531 525 521 518 517 516 513 504
541 547 -9999 -9999 560 552 543 536 539 541 540 536 540 543 543 539 534 536 537 538 538 535 539 542 544 545 543 542 540 539 538 536 543 546 545 550 550 548 553 553 554 555 558 552 551 551 546 546 541 546 546 550 554 558 556 559 566 568 563 558 561 567 573 580 578 579 577 585 578 579 584 587 585 585 584 579 580 573 571 568 562 557 554 548 533 535 534 528 520 520 514
537 529 542 -9999 554 547 543 542 544 542 541 539 537 546 542 542 538 539 535 535 537 540 542 542 543 541 539 540 538 540 538 537 542 544 548 551 552 553 556 554 555 558 559 560 558 556 554 555 548 559 559 561 564 566 567 569 569 565 569 564 568 575 585 587 594 590 589 594 600 601 597 592 588 592 590 589 579 577 578 571 570 564 557 555 554 551 542 542 533 528 530
535 535 538 542 -9999 544 548 546 548 546 542 540 542 547 545 544 540 537 536 536 539 543 543 543 543 544 537 539 536 537 537 540 544 549 554 555 555 555 558 556 558 560 561 563 565 561 560 557 560 567 568 571 571 573 574 566 575 577 573 569 574 581 589 602 607 608 606 602 601 599 599 602 603 602 594 589 580 583 578 577 575 569 562 558 557 563 557 547 548 541 539
537 539 541 -9999 -9999 551 550 544 548 550 547 545 547 549 546 543 543 536 532 539 537 542 541 541 542 540 540 537 539 538 539 541 547 553 554 560 560 561 560 559 563 559 562 561 563 561 560 561 563 566 571 574 579 574 573 571 578 575 581 578 585 592 599 608 609 610 607 602 606 601 600 602 603 600 595 595 589 590 585 584 578 579 580 573 569 567 571 569 562 560 550
545 541 547 548 553 553 553 552 551 553 549 548 548 545 550 545 540 538 535 536 536 539 538 541 541 542 539 538 537 535 539 543 549 557 560 562 563 565 566 566 565 563 565 565 566 565 564 565 565 567 572 572 579 580 578 580 577 578 574 575 570 582 588 589 599 606 611 607 605 604 604 606 607 605 597 594 594 590 591 586 589 586 588 586 584 577 571 567 566 563 572
548 549 549 551 556 555 556 554 554 554 553 554 553 550 545 545 539 538 536 535 537 539 538 539 539 539 539 536 534 538 538 542 550 558 560 564 561 561 565 567 567 570 564 562 564 563 558 563 565 569 572 572 578 579 577 581 578 576 575 574 579 582 594 592 605 605 607 613 611 603 605 607 608 607 604 597 600 597 599 597 596 592 594 594 588 586 581 579 576 574 570
552 552 551 553 555 560 563 558 556 556 557 554 555 553 547 543 544 539 537 539 540 539 544 541 539 540 539 539 540 537 539 542 548 556 560 562 559 561 567 570 568 569 566 565 562 561 555 555 558 562 565 571 572 575 572 576 582 578 571 573 581 586 593 596 606 609 608 608 610 604 604 605 600 601 605 602 602 601 602 601 599 595 595 601 596 596 587 584 578 573 574
554 556 554 556 559 558 557 557 558 553 556 555 550 551 551 544 542 540 537 539 539 543 543 543 543 541 542 541 541 539 539 541 546 545 550 560 561 559 567 569 570 567 565 567 560 560 559 552 553 554 557 561 562 566 571 571 575 574 569 573 578 580 586 588 598 601 603 603 600 598 594 592 593 597 591 593 591 594 595 602 592 594 592 595 595 592 584 577 573 564 562
560 559 553 557 563 561 560 558 559 557 558 556 553 550 547 547 542 542 541 541 541 544 544 543 544 537 539 540 542 535 540 545 546 544 520 505 543 557 563 567 564 569 566 561 557 561 557 553 551 551 552 552 553 557 558 561 564 564 568 567 570 575 574 580 581 590 593 592 588 591 588 586 588 589 587 588 586 586 587 597 596 598 589 591 593 586 581 573 564 550 551
560 559 563 563 568 570 557 555 556 556 555 556 554 554 552 549 548 548 544 542 539 542 541 540 538 539 542 545 546 541 542 544 543 551 550 554 559 556 555 561 559 557 556 557 557 557 554 551 550 547 545 547 547 549 553 555 557 559 559 560 561 565 564 575 574 576 575 575 574 582 578 579 581 581 587 586 585 592 588 589 593 590 581 588 588 580 572 567 556 551 547
557 557 557 555 560 566 563 558 552 551 551 553 552 551 548 548 548 545 543 540 542 538 538 534 534 542 544 542 545 544 541 545 540 542 546 552 559 561 563 561 559 553 556 551 557 551 551 547 547 542 539 543 544 542 543 548 550 552 558 556 560 558 561 564 567 562 564 560 560 565 570 575 575 579 583 579 574 573 576 571 579 587 582 582 580 576 572 564 555 546 548
549 549 555 558 551 560 563 556 548 550 549 550 546 552 548 546 544 541 541 538 536 536 518 515 534 542 539 544 547 546 540 541 541 536 544 551 553 555 557 555 553 551 550 551 553 551 550 546 541 539 537 536 538 537 535 539 541 545 553 553 551 550 551 553 555 554 549 550 555 556 561 560 569 567 566 569 568 563 571 571 575 575 574 573 576 569 571 561 552 543 537
