data-raw/migclim_example_data/MigClim_Example/hsMap5.asc
ncols         255
nrows         223
xllcorner     -10.499999661
yllcorner     34.000000248
cellsize      0.166666667
NODATA_value  -9999
[rows 160 to 199 of 223, columns 0 to 90 of 255]
-9999 -9999 -9999 -9999 -9999 -9999 -9999 -9999 -9999 -9999 -9999 -9999 -9999 -9999 -9999 -9999 -9999 -9999 -9999 -9999 -9999 -9999 -9999 -9999 -9999 -9999 -9999 -9999 -9999 -9999 -9999 -9999 -9999 -9999 -9999 -9999 -9999 -9999 -9999 -9999 -9999 -9999 -9999 -9999 -9999 -9999 -9999 -9999 -9999 -9999 -9999 -9999 -9999 -9999 -9999 388 392 399 404 409 412 426 438 428 414 436 438 446 454 468 472 474 478 488 497 515 541 542 545 541 543 533 531 528 516 558 530 527 460 470 466
-9999 -9999 -9999 -9999 -9999 -9999 -9999 -9999 -9999 -9999 -9999 -9999 -9999 -9999 -9999 -9999 -9999 -9999 -9999 -9999 -9999 -9999 -9999 -9999 -9999 -9999 -9999 -9999 -9999 -9999 -9999 -9999 -9999 -9999 -9999 -9999 -9999 -9999 -9999 -9999 -9999 -9999 -9999 -9999 -9999 -9999 -9999 -9999 -9999 -9999 -9999 -9999 -9999 -9999 -9999 377 383 392 404 405 418 424 432 428 428 428 436 448 457 455 457 464 466 490 495 516 541 546 541 531 523 537 530 519 523 533 534 470 430 439 404
-9999 -9999 -9999 -9999 -9999 -9999 -9999 -9999 -9999 -9999 -9999 -9999 -9999 -9999 -9999 -9999 -9999 -9999 -9999 -9999 -9999 -9999 -9999 -9999 -9999 -9999 -9999 -9999 -9999 -9999 -9999 -9999 -9999 -9999 -9999 -9999 -9999 -9999 -9999 -9999 -9999 -9999 -9999 -9999 -9999 -9999 -9999 -9999 -9999 -9999 -9999 -9999 -9999 -9999 -9999 376 382 390 393 403 407 407 427 428 415 426 431 435 433 433 436 440 449 477 467 484 501 520 543 541 540 540 534 520 522 529 461 406 418 412 396
-9999 -9999 -9999 -9999 -9999 -9999 -9999 -9999 -9999 -9999 -9999 -9999 -9999 -9999 -9999 -9999 -9999 -9999 -9999 -9999 -9999 -9999 -9999 -9999 -9999 -9999 -9999 -9999 -9999 -9999 -9999 -9999 -9999 -9999 -9999 -9999 -9999 -9999 -9999 -9999 -9999 -9999 -9999 -9999 -9999 -9999 -9999 -9999 -9999 -9999 -9999 -9999 -9999 -9999 368 373 384 378 376 382 387 394 404 419 414 429 433 436 443 437 429 433 445 448 451 448 466 504 515 490 516 538 534 536 503 433 399 369 351 356 349
-9999 -9999 -9999 -9999 -9999 -9999 -9999 -9999 -9999 -9999 -9999 -9999 -9999 -9999 -9999 330 313 313 -9999 -9999 -9999 -9999 -9999 -9999 -9999 -9999 -9999 -9999 -9999 -9999 -9999 -9999 -9999 -9999 -9999 -9999 -9999 -9999 -9999 -9999 -9999 -9999 -9999 -9999 -9999 -9999 -9999 -9999 -9999 -9999 -9999 -9999 -9999 -9999 363 369 361 357 367 370 378 389 393 409 417 421 424 439 435 448 434 433 435 431 440 443 467 520 539 531 538 514 490 467 424 392 345 329 320 325 318
-9999 -9999 -9999 -9999 -9999 -9999 -9999 -9999 -9999 -9999 -9999 -9999 -9999 301 306 324 361 353 318 298 300 300 308 317 333 355 350 331 316 317 323 -9999 -9999 -9999 -9999 -9999 -9999 -9999 -9999 -9999 -9999 -9999 -9999 -9999 -9999 -9999 -9999 -9999 -9999 -9999 -9999 -9999 -9999 -9999 356 351 354 359 363 372 381 394 398 403 417 423 427 440 433 443 437 427 438 439 440 430 436 502 536 530 523 446 403 355 363 330 306 304 304 303 308
-9999 -9999 -9999 -9999 -9999 -9999 -9999 -9999 -9999 -9999 -9999 -9999 -9999 292 312 352 363 393 355 324 318 369 356 377 390 392 350 356 341 360 351 347 339 359 405 346 327 345 340 342 343 359 362 374 -9999 362 380 366 -9999 -9999 -9999 -9999 347 354 360 359 354 362 364 366 379 405 415 404 420 417 436 438 438 447 432 436 435 437 431 477 533 524 503 458 404 348 333 321 317 311 -9999 -9999 -9999 -9999 305
-9999 -9999 -9999 -9999 -9999 -9999 -9999 -9999 -9999 266 271 281 285 283 307 347 334 329 335 337 362 352 397 392 381 405 416 409 386 405 428 458 447 491 498 446 420 414 394 394 438 472 419 421 382 368 367 388 381 367 363 369 406 406 420 388 376 370 372 377 390 398 434 424 434 447 446 445 450 441 444 447 439 442 436 393 388 378 352 341 326 320 315 308 -9999 -9999 -9999 -9999 -9999 -9999 -9999
-9999 -9999 -9999 -9999 -9999 -9999 -9999 258 266 272 284 286 278 291 318 330 321 316 326 344 354 342 404 403 411 413 410 434 446 450 436 453 459 455 460 504 479 506 488 483 507 515 482 432 410 407 442 412 402 399 411 448 448 444 479 479 519 451 458 495 506 506 475 495 478 493 468 462 460 467 468 465 465 456 456 447 424 449 403 361 337 313 -9999 -9999 -9999 -9999 -9999 -9999 -9999 -9999 -9999
-9999 -9999 -9999 -9999 -9999 -9999 -9999 252 264 267 263 260 262 277 290 308 308 300 296 324 321 363 393 397 394 383 390 405 411 429 434 450 456 457 459 460 475 485 497 499 483 466 451 468 455 445 422 415 441 449 464 469 421 448 493 516 513 507 532 499 541 547 502 532 535 504 523 523 525 543 535 531 530 553 519 513 468 505 463 395 352 -9999 -9999 -9999 -9999 -9999 -9999 -9999 -9999 -9999 -9999
-9999 -9999 -9999 -9999 -9999 -9999 -9999 -9999 249 251 252 247 254 264 288 305 289 295 292 339 358 378 368 349 400 396 404 423 428 418 433 449 465 473 472 484 478 468 483 477 479 485 444 446 432 398 412 435 440 458 452 434 393 405 428 447 497 526 506 536 526 502 491 477 521 516 542 522 518 529 549 552 522 516 528 523 536 513 408 344 306 -9999 -9999 -9999 -9999 -9999 -9999 -9999 -9999 -9999 -9999
-9999 -9999 -9999 -9999 -9999 -9999 -9999 -9999 242 244 240 248 280 296 295 306 277 277 277 312 364 330 296 304 347 391 381 385 385 380 389 409 430 448 454 456 444 447 460 480 479 460 440 433 418 388 404 419 420 398 389 358 369 429 419 399 448 448 480 523 520 499 504 509 528 531 507 506 484 547 545 499 525 514 509 563 513 554 505 364 324 315 -9999 -9999 -9999 -9999 -9999 -9999 -9999 -9999 -9999
-9999 -9999 -9999 -9999 -9999 -9999 -9999 -9999 -9999 -9999 241 241 283 279 253 254 265 271 282 284 303 304 330 379 376 386 362 355 361 363 377 397 399 418 426 432 426 433 431 458 462 470 479 471 459 425 389 403 367 355 344 348 343 350 373 421 453 501 459 488 488 532 525 486 523 523 501 513 541 513 535 514 557 552 513 545 535 525 543 470 416 365 -9999 -9999 -9999 -9999 -9999 -9999 -9999 -9999 -9999
-9999 -9999 -9999 -9999 -9999 -9999 -9999 -9999 -9999 -9999 239 240 250 266 239 246 259 284 336 343 310 343 329 360 371 394 356 347 350 364 374 375 382 399 410 416 419 425 445 446 457 476 487 476 480 485 497 505 508 468 389 339 322 335 341 350 386 412 384 409 471 514 506 469 451 475 526 531 538 530 522 543 538 518 519 535 543 530 476 416 340 310 334 -9999 -9999 -9999 -9999 -9999 -9999 -9999 -9999
-9999 -9999 -9999 -9999 -9999 -9999 -9999 -9999 -9999 -9999 243 234 236 259 294 270 263 271 299 314 325 329 345 352 361 347 342 348 348 357 366 373 387 396 399 402 423 428 425 439 447 474 482 501 476 493 487 500 514 523 470 395 337 316 340 327 340 345 331 331 327 349 359 361 390 458 474 508 469 521 510 536 548 548 500 522 514 529 468 391 338 307 -9999 -9999 -9999 -9999 -9999 -9999 -9999 -9999 -9999
-9999 -9999 -9999 -9999 -9999 -9999 -9999 -9999 -9999 242 238 248 246 280 266 294 297 266 255 276 291 310 323 320 334 353 349 348 343 349 366 371 381 390 408 410 408 426 442 444 453 463 485 480 501 502 506 519 528 532 492 448 386 345 307 301 337 358 307 333 308 307 324 311 325 378 413 442 430 409 414 469 464 441 430 481 471 495 462 359 359 319 -9999 -9999 -9999 -9999 -9999 -9999 -9999 -9999 -9999
-9999 -9999 -9999 -9999 -9999 -9999 -9999 -9999 -9999 -9999 241 238 241 260 280 287 285 259 253 265 265 296 294 302 327 338 348 347 344 350 364 375 400 404 400 398 410 422 420 421 421 425 435 461 475 491 501 502 494 501 506 538 531 411 335 306 298 302 300 332 333 297 289 288 296 299 323 312 333 351 390 428 453 387 377 466 472 486 371 332 351 -9999 -9999 -9999 -9999 -9999 -9999 -9999 -9999 -9999 -9999
-9999 -9999 -9999 -9999 -9999 -9999 -9999 -9999 -9999 -9999 237 235 234 238 259 265 255 255 259 241 249 281 282 286 310 330 340 341 343 347 366 367 380 384 373 389 399 406 407 407 414 428 433 436 443 454 468 482 475 487 496 504 483 411 352 323 333 306 283 284 302 325 305 293 286 284 287 301 320 352 422 435 396 382 359 367 327 343 349 -9999 -9999 -9999 -9999 -9999 -9999 -9999 -9999 -9999 -9999 -9999 -9999
-9999 -9999 -9999 -9999 -9999 -9999 -9999 -9999 -9999 -9999 236 236 235 237 247 240 276 263 246 240 248 262 264 281 303 320 333 343 349 359 365 362 361 379 374 388 394 401 405 417 454 436 436 460 470 466 468 469 477 467 462 458 430 411 390 348 359 373 315 278 274 294 295 281 285 276 301 338 372 394 382 415 380 324 324 311 302 -9999 -9999 -9999 -9999 -9999 -9999 -9999 -9999 -9999 -9999 -9999 -9999 -9999 -9999
-9999 -9999 -9999 -9999 -9999 -9999 -9999 -9999 -9999 -9999 238 236 239 236 235 260 241 243 242 255 240 247 270 277 297 321 340 359 376 385 377 382 375 369 379 379 378 388 393 405 419 441 470 491 502 483 475 486 484 446 441 437 427 423 468 452 436 403 335 296 277 269 263 268 279 283 274 331 395 383 305 315 304 303 328 288 -9999 -9999 -9999 -9999 -9999 -9999 -9999 -9999 -9999 -9999 -9999 -9999 -9999 -9999 -9999
-9999 -9999 -9999 -9999 -9999 -9999 -9999 -9999 -9999 -9999 -9999 234 234 235 245 255 243 244 243 242 236 244 257 284 301 319 331 349 364 389 390 389 392 386 392 395 391 398 402 440 462 478 482 480 477 452 446 480 494 524 520 515 506 502 472 499 509 441 421 353 325 297 295 292 289 301 262 283 295 272 278 -9999 -9999 -9999 -9999 -9999 -9999 -9999 -9999 -9999 -9999 -9999 -9999 -9999 -9999 -9999 -9999 -9999 -9999 -9999 -9999
-9999 -9999 -9999 -9999 -9999 -9999 -9999 -9999 -9999 -9999 -9999 233 237 247 254 259 261 252 255 243 241 248 260 278 296 313 336 348 368 387 392 398 411 412 404 410 415 404 423 407 460 414 409 406 398 417 444 471 498 505 527 521 526 517 508 505 533 509 442 418 405 332 340 336 330 286 267 259 -9999 -9999 -9999 -9999 -9999 -9999 -9999 -9999 -9999 -9999 -9999 -9999 -9999 -9999 -9999 -9999 -9999 -9999 -9999 -9999 -9999 -9999 -9999
-9999 -9999 -9999 -9999 -9999 -9999 -9999 -9999 -9999 -9999 -9999 228 233 241 239 239 241 242 244 241 244 251 261 276 290 311 328 363 379 384 393 408 435 447 442 440 455 449 458 458 403 355 360 366 373 422 434 423 465 507 529 530 529 523 509 538 535 532 533 516 458 389 396 422 423 268 242 238 -9999 -9999 -9999 -9999 -9999 -9999 -9999 -9999 -9999 -9999 -9999 -9999 -9999 -9999 -9999 -9999 -9999 -9999 -9999 -9999 -9999 -9999 -9999
-9999 -9999 -9999 -9999 -9999 -9999 -9999 -9999 -9999 -9999 228 227 228 241 235 231 232 233 242 248 252 253 259 264 289 324 337 353 364 383 413 448 466 467 468 467 464 452 391 354 327 324 336 342 382 410 411 425 455 493 529 516 504 514 536 516 528 533 525 511 521 449 442 397 285 249 243 -9999 -9999 -9999 -9999 -9999 -9999 -9999 -9999 -9999 -9999 -9999 -9999 -9999 -9999 -9999 -9999 -9999 -9999 -9999 -9999 -9999 -9999 -9999 -9999
-9999 -9999 -9999 -9999 -9999 -9999 -9999 -9999 -9999 -9999 227 227 227 229 227 229 234 281 252 241 248 256 260 272 289 302 289 317 375 397 423 426 424 467 459 434 357 351 319 313 305 314 316 364 368 375 369 397 398 446 520 513 494 512 531 504 504 523 511 498 518 479 418 308 267 240 -9999 -9999 -9999 -9999 -9999 -9999 -9999 -9999 -9999 -9999 -9999 -9999 -9999 -9999 -9999 -9999 -9999 -9999 -9999 -9999 -9999 -9999 -9999 -9999 -9999
-9999 -9999 -9999 -9999 -9999 -9999 -9999 -9999 -9999 228 226 225 225 226 227 234 242 255 231 232 241 247 258 256 255 255 256 321 399 397 429 422 411 396 334 355 332 301 312 311 311 304 321 345 345 345 383 400 421 449 492 525 511 516 522 508 498 514 494 525 509 407 303 272 244 -9999 -9999 -9999 -9999 -9999 -9999 -9999 -9999 -9999 -9999 -9999 -9999 -9999 -9999 -9999 -9999 -9999 -9999 -9999 -9999 -9999 -9999 -9999 -9999 -9999 -9999
-9999 -9999 -9999 -9999 -9999 -9999 -9999 -9999 -9999 226 224 225 227 233 238 237 234 233 228 226 228 229 230 232 238 239 250 281 298 276 260 257 270 284 307 283 284 301 297 299 302 299 316 317 328 360 397 410 430 436 463 519 528 521 532 455 522 526 443 402 358 291 254 245 -9999 -9999 -9999 -9999 -9999 -9999 -9999 -9999 -9999 -9999 -9999 -9999 -9999 -9999 -9999 -9999 -9999 -9999 -9999 -9999 -9999 -9999 232 234 -9999 -9999 -9999
-9999 -9999 -9999 -9999 -9999 -9999 -9999 -9999 -9999 225 226 227 228 231 231 235 230 225 224 222 224 224 228 229 230 236 246 240 242 247 248 255 262 266 281 278 286 283 285 290 288 316 330 337 344 357 371 389 411 417 446 457 458 497 478 449 454 513 474 358 317 257 232 -9999 -9999 -9999 -9999 -9999 -9999 -9999 -9999 -9999 -9999 -9999 -9999 -9999 -9999 -9999 -9999 -9999 246 226 -9999 -9999 -9999 -9999 233 234 235 -9999 -9999
-9999 -9999 -9999 -9999 -9999 -9999 -9999 -9999 -9999 226 225 228 225 227 227 228 224 222 222 221 222 222 225 227 230 235 237 242 251 257 260 265 268 283 298 300 296 308 316 316 309 305 316 327 329 345 365 364 385 386 430 433 438 427 438 435 367 354 331 301 273 240 -9999 -9999 -9999 -9999 -9999 -9999 -9999 -9999 -9999 -9999 -9999 -9999 -9999 -9999 -9999 -9999 249 250 236 225 228 230 -9999 -9999 -9999 -9999 -9999 -9999 -9999
-9999 -9999 -9999 -9999 -9999 -9999 -9999 -9999 225 227 232 227 225 225 226 225 223 222 221 222 222 222 225 229 229 231 235 241 248 262 297 301 284 315 334 347 347 345 350 338 322 317 320 312 319 335 342 354 365 371 390 395 410 378 402 383 401 339 263 241 238 234 -9999 -9999 -9999 -9999 -9999 -9999 -9999 -9999 -9999 -9999 -9999 -9999 -9999 -9999 -9999 236 237 231 232 228 229 228 -9999 -9999 -9999 -9999 -9999 -9999 -9999
-9999 -9999 -9999 -9999 -9999 -9999 -9999 225 225 229 226 224 224 224 223 224 223 224 225 224 225 223 224 226 229 233 236 240 254 272 285 273 268 265 279 307 328 314 354 351 331 325 305 304 316 314 321 333 341 363 358 355 355 342 321 310 330 333 266 242 233 -9999 -9999 -9999 -9999 -9999 -9999 -9999 -9999 -9999 -9999 -9999 -9999 -9999 -9999 -9999 -9999 -9999 -9999 231 231 227 228 -9999 -9999 -9999 -9999 -9999 -9999 -9999 -9999
-9999 -9999 -9999 -9999 -9999 -9999 -9999 225 226 226 225 224 225 225 223 224 223 223 224 225 223 222 224 226 229 233 238 235 236 237 244 247 250 265 271 281 293 289 323 315 325 318 297 298 297 314 322 330 331 337 338 337 333 331 328 320 304 312 275 240 233 231 -9999 -9999 -9999 -9999 -9999 -9999 -9999 -9999 -9999 -9999 -9999 -9999 -9999 -9999 -9999 -9999 -9999 -9999 -9999 227 -9999 -9999 -9999 -9999 -9999 -9999 -9999 -9999 -9999
-9999 -9999 -9999 -9999 -9999 -9999 225 225 226 225 225 226 225 224 223 223 223 223 223 221 221 221 222 223 224 228 228 229 229 232 235 241 248 258 270 269 289 287 292 287 288 284 286 297 303 327 342 352 363 341 328 328 332 342 367 391 321 334 256 234 235 235 -9999 -9999 -9999 -9999 -9999 -9999 -9999 -9999 -9999 230 229 -9999 -9999 -9999 -9999 -9999 -9999 -9999 -9999 -9999 -9999 -9999 -9999 -9999 -9999 -9999 -9999 -9999 -9999
-9999 -9999 -9999 -9999 -9999 -9999 227 226 226 225 225 225 224 224 224 223 223 224 222 222 219 219 221 222 223 224 225 227 229 232 235 239 246 252 256 269 266 274 275 277 278 284 283 295 318 335 355 377 383 351 326 323 339 373 373 341 329 328 269 243 242 244 231 -9999 -9999 -9999 -9999 -9999 -9999 -9999 231 229 -9999 -9999 -9999 -9999 -9999 -9999 -9999 -9999 -9999 -9999 -9999 -9999 -9999 -9999 -9999 -9999 -9999 -9999 -9999
-9999 -9999 -9999 -9999 -9999 -9999 227 226 225 225 225 226 226 227 226 225 225 225 222 220 219 220 221 222 223 224 227 229 230 232 237 239 239 242 244 256 267 270 276 285 276 285 283 299 306 333 352 360 372 388 381 347 345 342 335 315 323 279 289 293 271 284 250 233 -9999 -9999 -9999 -9999 -9999 -9999 -9999 227 -9999 -9999 -9999 -9999 -9999 -9999 -9999 -9999 -9999 -9999 -9999 -9999 -9999 -9999 -9999 -9999 -9999 -9999 -9999
-9999 -9999 -9999 -9999 -9999 -9999 -9999 226 225 227 226 226 226 228 228 227 225 224 222 220 220 221 223 223 224 225 227 230 231 236 235 234 236 240 243 251 270 273 265 268 269 278 287 298 305 320 317 347 428 401 363 323 300 288 294 299 279 270 295 297 292 262 238 -9999 -9999 -9999 -9999 -9999 -9999 -9999 -9999 -9999 -9999 -9999 -9999 -9999 -9999 -9999 -9999 -9999 -9999 -9999 -9999 -9999 -9999 -9999 -9999 -9999 -9999 -9999 -9999
-9999 -9999 -9999 -9999 -9999 -9999 -9999 -9999 229 -9999 227 227 227 227 227 227 225 224 221 221 221 223 227 226 226 227 227 229 231 232 233 235 236 240 243 245 255 270 267 255 278 286 278 271 282 281 289 339 398 319 297 274 257 254 260 266 278 268 249 242 235 -9999 -9999 -9999 -9999 -9999 -9999 -9999 -9999 -9999 -9999 -9999 -9999 -9999 -9999 -9999 -9999 -9999 -9999 -9999 -9999 -9999 -9999 -9999 -9999 -9999 -9999 -9999 -9999 -9999 -9999
-9999 -9999 -9999 -9999 -9999 -9999 -9999 -9999 -9999 -9999 228 229 228 226 227 226 226 224 222 221 220 221 222 224 225 228 230 230 228 230 232 233 236 237 239 245 245 245 246 241 240 242 242 254 260 271 311 395 381 345 366 293 245 239 236 244 245 243 234 234 -9999 -9999 -9999 -9999 -9999 -9999 -9999 -9999 -9999 -9999 -9999 -9999 -9999 -9999 -9999 -9999 -9999 -9999 -9999 -9999 -9999 -9999 -9999 -9999 -9999 -9999 -9999 -9999 -9999 -9999 -9999
-9999 -9999 -9999 -9999 -9999 -9999 -9999 -9999 -9999 -9999 231 230 229 228 227 227 226 224 223 222 223 224 224 228 230 230 225 226 231 228 225 229 233 231 229 229 228 229 230 230 230 233 240 246 251 326 371 436 434 403 369 306 262 248 239 230 230 232 233 -9999 -9999 -9999 -9999 -9999 -9999 -9999 -9999 -9999 -9999 -9999 -9999 -9999 -9999 -9999 -9999 -9999 -9999 -9999 -9999 -9999 -9999 -9999 -9999 -9999 -9999 -9999 -9999 -9999 -9999 -9999 -9999
-9999 -9999 -9999 -9999 -9999 -9999 -9999 -9999 -9999 -9999 232 232 231 229 229 228 227 225 226 223 225 227 228 227 223 224 225 223 225 229 225 223 224 225 223 223 225 226 228 229 229 231 236 238 248 352 438 384 350 343 315 287 298 272 237 233 235 237 236 -9999 -9999 -9999 -9999 -9999 -9999 -9999 -9999 -9999 -9999 -9999 -9999 -9999 -9999 -9999 -9999 -9999 -9999 -9999 -9999 -9999 -9999 -9999 -9999 -9999 -9999 -9999 -9999 -9999 -9999 -9999 -9999
