data-raw/migclim_example_data/MigClim_Example/hsMap2.asc
ncols         255
nrows         223
xllcorner     -10.499999661
yllcorner     34.000000248
cellsize      0.166666667
NODATA_value  -9999
[rows 40 to 79 of 223, columns 91 to 181 of 255]
-9999 -9999 -9999 -9999 -9999 -9999 -9999 -9999 -9999 -9999 -9999 -9999 -9999 -9999 -9999 -9999 -9999 -9999 -9999 -9999 -9999 -9999 -9999 -9999 -9999 -9999 -9999 -9999 -9999 -9999 -9999 -9999 -9999 -9999 -9999 352 351 352 355 356 358 361 361 364 367 369 369 369 371 372 375 374 373 373 372 373 372 369 368 366 365 365 363 361 357 353 354 352 353 355 353 355 355 356 357 358 357 359 359 359 358 357 357 356 357 356 356 358 357 358 359
-9999 -9999 -9999 -9999 -9999 -9999 -9999 -9999 -9999 -9999 -9999 -9999 -9999 -9999 -9999 -9999 -9999 -9999 -9999 -9999 -9999 -9999 -9999 -9999 -9999 -9999 -9999 -9999 -9999 -9999 -9999 -9999 -9999 360 354 353 353 350 350 354 358 363 364 367 369 369 370 370 372 372 375 375 375 373 372 374 376 374 372 370 368 365 363 360 358 355 355 355 353 352 353 354 355 355 358 358 357 358 358 357 357 356 357 356 356 356 358 356 358 358 358
-9999 -9999 -9999 -9999 -9999 -9999 -9999 -9999 -9999 -9999 -9999 -9999 -9999 -9999 -9999 -9999 -9999 -9999 -9999 -9999 -9999 -9999 -9999 -9999 -9999 -9999 -9999 -9999 -9999 -9999 -9999 -9999 359 358 355 354 352 351 350 357 361 364 366 369 372 373 374 376 374 374 374 376 377 376 373 370 370 371 372 372 369 368 365 362 359 358 356 355 354 354 354 354 355 355 357 357 356 358 357 357 356 355 356 356 357 357 356 357 358 358 357
-9999 -9999 -9999 -9999 -9999 -9999 -9999 -9999 -9999 -9999 -9999 -9999 -9999 -9999 -9999 -9999 -9999 -9999 -9999 -9999 -9999 -9999 -9999 -9999 -9999 -9999 -9999 -9999 -9999 -9999 -9999 359 360 357 356 355 353 353 358 361 366 369 372 372 374 376 377 377 376 373 376 376 376 377 376 372 371 370 368 369 368 366 365 362 361 359 357 355 355 354 354 353 354 356 356 357 356 356 357 356 355 355 354 355 356 357 357 356 355 356 357
-9999 -9999 -9999 -9999 -9999 -9999 -9999 -9999 -9999 -9999 -9999 -9999 -9999 -9999 -9999 -9999 -9999 -9999 -9999 -9999 -9999 -9999 -9999 362 360 -9999 -9999 -9999 -9999 359 361 358 357 356 354 354 357 361 364 366 369 372 373 375 377 378 377 377 376 373 372 373 374 372 371 371 372 370 368 366 367 365 363 362 361 358 358 357 356 355 355 354 354 355 354 356 356 357 355 356 355 354 355 354 354 354 355 356 355 355 359
-9999 -9999 -9999 -9999 -9999 -9999 -9999 -9999 -9999 -9999 -9999 -9999 -9999 -9999 -9999 -9999 -9999 -9999 -9999 -9999 -9999 -9999 361 359 361 358 359 -9999 360 361 361 360 359 358 358 -9999 365 369 370 371 373 375 379 379 382 380 379 378 378 374 373 373 373 372 371 371 370 368 368 367 365 365 364 360 360 359 358 357 356 357 354 354 354 354 354 354 354 355 354 353 353 352 352 351 353 354 354 356 354 353 355
-9999 -9999 -9999 -9999 -9999 -9999 -9999 -9999 -9999 -9999 -9999 -9999 -9999 -9999 -9999 -9999 -9999 -9999 -9999 360 362 -9999 358 360 357 358 358 358 360 361 363 362 359 362 364 366 371 373 374 376 376 379 378 381 381 381 381 379 377 376 376 372 372 374 371 369 368 368 368 366 366 364 365 361 360 360 359 358 358 357 356 354 353 353 354 354 354 354 354 352 351 351 351 353 352 353 352 354 -9999 -9999 -9999
-9999 -9999 -9999 -9999 -9999 -9999 -9999 -9999 -9999 -9999 -9999 -9999 -9999 -9999 -9999 -9999 -9999 -9999 -9999 -9999 358 359 359 357 360 358 358 361 365 363 364 367 367 368 371 372 375 376 376 377 379 380 382 382 381 382 380 380 379 378 376 374 373 372 370 369 368 367 366 366 365 364 363 360 359 358 359 358 356 358 356 355 353 352 351 350 352 352 352 352 353 351 350 351 349 350 352 -9999 -9999 -9999 -9999
-9999 -9999 -9999 -9999 -9999 -9999 -9999 -9999 -9999 -9999 -9999 -9999 -9999 -9999 -9999 -9999 -9999 360 358 358 358 358 359 360 362 362 363 364 366 368 371 373 372 373 374 376 377 376 375 376 377 379 381 383 382 384 382 383 381 378 377 377 376 374 374 371 369 367 365 365 365 364 362 359 360 361 358 358 357 357 355 355 354 353 354 353 350 350 349 352 352 352 351 349 -9999 -9999 -9999 -9999 -9999 -9999 -9999
-9999 -9999 -9999 -9999 -9999 -9999 -9999 -9999 -9999 -9999 -9999 -9999 -9999 -9999 355 355 354 356 355 354 356 357 361 362 363 367 369 372 373 373 373 375 375 376 376 377 376 376 375 375 379 381 381 381 383 384 383 382 381 379 378 375 374 373 374 372 371 369 367 365 364 362 361 360 361 359 360 359 359 357 356 355 356 355 355 355 352 352 350 351 351 351 351 -9999 -9999 -9999 -9999 -9999 -9999 -9999 -9999
-9999 -9999 -9999 -9999 -9999 -9999 -9999 -9999 -9999 -9999 -9999 -9999 359 357 355 351 351 351 351 351 353 358 360 364 366 369 373 374 376 377 377 375 377 378 379 377 378 377 376 376 374 378 380 381 382 383 382 380 377 376 374 372 373 372 371 371 370 369 367 366 364 363 361 360 360 361 359 360 359 357 357 357 355 355 355 354 351 352 352 354 356 -9999 -9999 -9999 -9999 -9999 -9999 -9999 -9999 -9999 -9999
-9999 -9999 -9999 -9999 -9999 -9999 -9999 -9999 -9999 360 357 359 356 354 354 352 353 348 351 352 355 362 365 369 371 372 374 376 377 377 378 378 378 377 377 377 377 376 373 372 373 375 377 379 382 382 380 378 378 376 374 374 374 373 373 373 370 370 366 367 366 363 362 361 361 360 360 360 358 357 356 357 356 355 354 353 350 351 355 358 -9999 -9999 -9999 -9999 -9999 -9999 -9999 -9999 -9999 -9999 -9999
-9999 -9999 -9999 -9999 -9999 -9999 -9999 362 360 358 355 353 352 353 354 354 355 354 357 356 359 363 368 369 375 377 378 381 381 380 381 380 380 378 376 375 374 371 372 374 373 375 375 377 379 379 380 378 376 375 374 374 372 371 370 371 372 369 368 365 365 362 362 360 361 361 361 360 359 358 357 357 356 356 356 353 350 353 -9999 -9999 -9999 -9999 -9999 -9999 -9999 -9999 -9999 -9999 -9999 -9999 -9999
-9999 -9999 -9999 -9999 -9999 369 364 356 354 354 351 352 352 351 353 354 354 360 362 364 357 361 368 370 375 378 380 382 381 379 380 380 378 377 374 372 371 372 374 374 374 376 374 375 378 378 377 377 376 376 376 376 375 373 371 369 368 368 369 368 364 362 360 361 361 361 360 360 361 362 361 360 360 360 358 359 358 357 -9999 -9999 -9999 -9999 -9999 -9999 -9999 -9999 -9999 -9999 -9999 -9999 -9999
-9999 -9999 -9999 367 366 363 360 355 351 350 351 351 352 351 358 359 361 364 365 368 372 370 371 373 376 375 376 379 382 381 379 375 372 373 372 369 368 369 370 373 373 371 372 373 376 375 375 374 374 374 375 375 374 374 371 369 368 367 367 365 365 362 362 361 361 360 362 361 363 362 362 361 362 361 361 362 362 -9999 -9999 -9999 -9999 -9999 -9999 -9999 -9999 -9999 -9999 -9999 -9999 -9999 -9999
-9999 363 363 365 365 363 360 357 351 343 343 340 347 352 355 362 368 370 363 357 361 359 367 372 375 374 376 376 377 381 380 379 374 373 372 373 371 367 368 370 371 369 370 370 371 372 372 371 370 372 371 374 373 371 370 370 367 367 366 365 364 364 363 363 362 361 362 363 364 362 365 363 362 364 364 364 -9999 -9999 -9999 -9999 -9999 -9999 -9999 -9999 -9999 -9999 -9999 -9999 -9999 -9999 -9999
-9999 365 365 367 366 365 364 358 352 349 343 351 355 363 368 366 366 370 370 374 374 369 369 375 377 375 372 372 373 372 373 374 375 374 372 370 368 368 367 367 368 368 369 371 371 371 370 370 368 364 365 365 368 369 368 370 367 366 366 366 366 364 365 364 364 365 364 364 364 364 365 363 363 365 365 365 364 -9999 -9999 -9999 -9999 -9999 -9999 -9999 -9999 -9999 -9999 -9999 -9999 -9999 -9999
-9999 -9999 367 366 361 361 357 357 356 352 350 353 365 364 366 356 368 361 363 372 373 376 378 379 378 375 376 371 374 371 368 370 368 370 373 371 370 368 366 366 368 369 368 370 369 371 371 371 370 365 366 366 366 367 367 367 368 368 367 366 367 366 366 365 366 365 366 367 367 366 366 367 366 367 366 -9999 -9999 -9999 -9999 -9999 -9999 -9999 -9999 -9999 -9999 -9999 -9999 -9999 -9999 -9999 -9999
-9999 -9999 372 369 360 357 355 355 354 352 356 359 353 364 360 355 354 366 368 368 373 374 374 377 376 376 374 372 374 375 371 372 371 369 371 372 372 369 367 364 365 364 365 365 365 366 368 366 367 366 367 367 368 367 367 367 367 366 367 367 367 367 368 367 366 367 367 367 366 366 366 367 368 367 367 -9999 -9999 -9999 -9999 -9999 -9999 -9999 -9999 -9999 -9999 -9999 -9999 -9999 -9999 -9999 -9999
-9999 -9999 381 368 360 357 354 356 357 355 356 347 360 359 359 359 361 362 361 372 372 369 372 374 371 368 371 373 373 373 371 370 368 369 368 371 370 370 369 366 368 364 365 365 366 367 366 367 367 367 368 368 368 368 367 368 367 366 368 367 368 368 368 368 368 368 369 370 369 369 368 368 368 368 368 -9999 -9999 -9999 -9999 -9999 -9999 -9999 -9999 -9999 -9999 -9999 -9999 -9999 -9999 -9999 -9999
377 377 373 368 358 359 355 358 356 354 352 350 362 359 362 369 366 366 370 371 374 376 374 371 369 367 368 371 372 371 372 370 370 370 372 369 368 368 366 366 369 369 366 366 366 368 368 370 368 369 368 369 368 368 367 367 367 367 367 368 370 369 369 369 370 369 370 371 371 371 371 372 370 370 371 -9999 -9999 -9999 -9999 -9999 -9999 -9999 -9999 -9999 -9999 -9999 -9999 -9999 -9999 -9999 -9999
-9999 383 372 362 361 362 360 359 360 358 358 362 363 365 364 368 372 374 375 376 375 375 373 375 373 371 372 370 371 370 369 370 370 371 370 371 370 368 367 366 370 371 371 369 369 369 370 370 369 371 369 369 369 368 367 368 367 367 366 369 369 370 369 370 370 371 371 372 372 372 371 372 370 371 371 370 -9999 -9999 -9999 -9999 -9999 -9999 -9999 -9999 -9999 -9999 -9999 -9999 -9999 -9999 -9999
-9999 388 386 375 361 360 359 356 356 360 355 356 363 366 368 373 374 374 375 373 374 375 374 373 371 371 371 374 372 371 371 371 371 373 371 371 374 373 374 374 372 372 374 373 371 373 372 371 371 371 371 370 369 369 368 369 368 368 367 369 370 370 371 371 371 370 371 372 373 373 372 373 372 370 372 372 -9999 -9999 -9999 -9999 -9999 -9999 -9999 -9999 -9999 -9999 -9999 -9999 -9999 -9999 -9999
-9999 -9999 400 386 373 356 358 351 347 347 350 355 361 362 368 371 377 376 377 376 376 373 373 372 374 372 372 374 373 373 371 374 373 376 375 372 373 370 369 375 370 370 370 376 375 373 372 371 371 373 373 371 370 369 369 369 368 369 369 368 371 371 371 372 372 371 372 373 374 373 373 373 372 372 372 372 375 373 -9999 373 -9999 -9999 -9999 -9999 -9999 -9999 -9999 -9999 -9999 -9999 -9999
-9999 -9999 401 395 360 349 352 346 340 338 350 356 362 368 361 370 372 374 376 377 376 377 375 375 375 374 375 373 372 371 371 372 375 375 381 374 373 372 373 374 374 376 373 374 375 373 373 372 373 375 374 373 370 369 370 369 368 369 369 371 372 372 373 372 372 372 372 373 373 374 374 374 373 373 373 374 374 373 374 374 372 -9999 371 -9999 -9999 -9999 -9999 -9999 -9999 -9999 -9999
-9999 -9999 397 398 377 361 347 342 335 335 358 357 371 372 371 373 374 375 376 377 378 378 377 377 375 373 375 374 374 373 375 376 379 381 378 376 376 376 381 381 379 378 376 375 377 373 374 374 376 377 376 373 373 372 370 371 370 370 372 373 373 372 373 374 374 374 374 374 374 374 375 374 374 374 374 373 375 373 374 373 373 373 371 371 -9999 -9999 -9999 -9999 -9999 364 364
-9999 -9999 -9999 401 391 371 364 360 341 346 364 360 372 374 374 374 376 378 377 378 377 377 377 376 374 376 373 372 374 378 380 380 388 389 378 379 382 382 385 385 384 379 376 373 375 375 374 374 375 375 376 375 374 374 373 373 372 373 373 374 374 374 376 376 374 375 374 375 374 376 375 374 373 374 374 375 375 373 374 374 374 373 373 371 366 -9999 -9999 -9999 -9999 -9999 -9999
-9999 -9999 -9999 399 378 377 363 352 347 349 356 360 370 370 374 374 377 376 378 378 377 377 377 376 373 372 374 373 375 376 379 384 376 387 387 393 393 387 388 386 382 382 379 378 381 381 380 377 376 376 379 377 377 375 375 375 375 375 376 376 376 377 376 376 375 376 375 375 376 376 375 374 375 375 375 374 374 374 375 374 375 374 373 372 367 364 -9999 -9999 -9999 -9999 -9999
-9999 -9999 -9999 394 389 -9999 381 362 351 346 354 364 365 371 373 373 374 376 375 378 375 375 377 374 374 372 374 373 373 376 381 387 384 395 398 399 397 389 389 388 386 383 381 379 382 383 383 382 378 378 381 381 381 379 377 377 377 376 377 376 377 377 378 377 378 376 376 376 376 376 374 376 376 376 374 376 376 376 375 375 376 376 374 372 367 365 366 -9999 -9999 -9999 -9999
-9999 -9999 -9999 389 393 380 374 370 357 349 351 355 362 367 370 369 372 377 375 374 375 374 374 373 374 374 376 379 374 376 380 381 389 398 399 396 400 397 392 390 386 383 383 383 382 381 382 384 384 384 383 380 380 381 381 380 379 380 378 378 379 380 380 380 380 379 379 377 378 377 375 376 378 377 377 377 377 376 377 377 377 377 376 372 -9999 -9999 -9999 -9999 -9999 -9999 -9999
-9999 -9999 -9999 391 389 387 380 386 379 359 355 360 367 369 371 368 371 375 374 374 374 373 375 374 374 373 382 380 373 375 376 383 392 400 401 -9999 402 400 394 392 388 385 385 385 384 383 381 382 383 385 383 383 383 381 382 384 381 382 382 381 381 379 379 381 381 381 380 379 378 378 378 377 379 379 378 378 379 378 378 378 378 376 375 372 -9999 -9999 -9999 -9999 -9999 -9999 -9999
-9999 -9999 -9999 398 398 -9999 -9999 401 389 367 362 362 368 367 369 369 371 374 374 374 374 374 375 373 375 374 381 387 385 386 383 389 393 397 401 -9999 402 401 398 391 388 386 387 386 384 385 383 384 385 385 386 386 385 385 385 386 386 384 384 383 382 383 385 384 383 383 381 381 380 379 378 379 380 380 379 381 379 380 378 379 378 375 373 365 -9999 -9999 -9999 -9999 -9999 -9999 -9999
-9999 -9999 -9999 -9999 -9999 -9999 401 398 384 369 364 364 366 366 370 370 373 373 375 375 374 375 375 373 374 380 385 386 388 390 391 392 397 397 -9999 -9999 -9999 400 398 396 393 387 386 386 384 386 383 386 387 388 386 387 387 385 386 386 387 387 385 384 385 384 384 384 383 383 382 382 381 380 380 379 381 381 381 380 381 379 378 378 376 374 366 -9999 -9999 -9999 -9999 -9999 -9999 -9999 -9999
-9999 -9999 -9999 -9999 -9999 400 396 396 387 374 367 368 367 368 369 370 372 374 374 373 375 374 377 379 376 381 388 391 393 395 -9999 -9999 -9999 -9999 -9999 -9999 -9999 -9999 -9999 398 392 388 386 386 386 386 388 389 390 390 389 389 387 387 387 388 387 386 384 384 384 384 383 383 383 383 383 382 382 382 382 382 383 382 382 381 380 380 380 377 -9999 -9999 -9999 -9999 -9999 -9999 -9999 -9999 -9999 -9999 -9999
-9999 -9999 -9999 -9999 -9999 405 397 388 384 377 369 368 369 368 370 371 373 374 377 374 377 379 380 383 384 386 395 397 -9999 -9999 -9999 -9999 -9999 -9999 -9999 -9999 -9999 -9999 -9999 397 394 393 389 389 388 388 392 391 392 391 391 391 390 389 389 388 388 387 387 385 386 385 383 385 385 384 385 384 383 382 382 382 383 383 382 382 380 -9999 -9999 -9999 -9999 -9999 -9999 -9999 -9999 -9999 -9999 -9999 -9999 -9999 -9999
-9999 -9999 -9999 -9999 -9999 -9999 394 392 398 386 376 372 375 373 371 373 378 378 385 378 380 386 386 389 393 400 403 -9999 -9999 -9999 -9999 -9999 -9999 -9999 -9999 -9999 -9999 -9999 -9999 400 398 395 393 393 392 392 394 395 394 394 392 392 390 390 388 390 389 389 387 387 387 387 386 386 386 385 386 387 386 386 386 386 385 382 -9999 -9999 -9999 -9999 -9999 -9999 -9999 -9999 -9999 -9999 -9999 -9999 -9999 -9999 -9999 -9999 -9999
-9999 -9999 -9999 -9999 -9999 -9999 -9999 407 403 398 388 391 386 385 379 383 391 385 384 389 387 385 389 399 403 -9999 -9999 -9999 -9999 -9999 -9999 -9999 -9999 -9999 -9999 -9999 -9999 -9999 -9999 404 401 404 399 398 400 397 396 397 396 393 393 392 389 388 383 389 387 387 388 388 388 387 388 388 388 388 387 387 386 385 387 386 386 -9999 -9999 -9999 -9999 -9999 -9999 -9999 -9999 -9999 -9999 -9999 -9999 -9999 -9999 -9999 -9999 -9999 -9999
-9999 -9999 -9999 -9999 -9999 -9999 -9999 -9999 -9999 -9999 396 399 399 387 390 393 394 396 392 396 398 400 404 -9999 -9999 -9999 -9999 -9999 -9999 -9999 -9999 -9999 -9999 -9999 -9999 -9999 -9999 -9999 -9999 -9999 407 403 406 404 401 403 400 399 397 396 393 393 389 389 385 388 388 389 390 388 387 388 387 388 387 387 386 386 387 385 387 387 386 -9999 -9999 -9999 -9999 -9999 -9999 -9999 -9999 -9999 -9999 -9999 -9999 -9999 -9999 -9999 -9999 -9999 -9999
-9999 -9999 -9999 -9999 -9999 -9999 -9999 -9999 -9999 -9999 -9999 -9999 404 403 408 406 404 405 402 400 -9999 -9999 -9999 -9999 -9999 -9999 -9999 -9999 -9999 -9999 -9999 -9999 -9999 -9999 -9999 -9999 -9999 -9999 -9999 -9999 -9999 409 408 406 406 403 400 398 398 398 393 390 389 387 386 386 385 390 389 387 386 387 387 389 387 387 387 387 386 387 387 387 387 -9999 -9999 -9999 -9999 -9999 -9999 -9999 -9999 -9999 -9999 -9999 -9999 -9999 -9999 -9999 -9999 -9999 -9999
-9999 -9999 -9999 -9999 -9999 -9999 -9999 -9999 -9999 -9999 -9999 -9999 -9999 -9999 -9999 -9999 -9999 -9999 -9999 -9999 -9999 -9999 -9999 -9999 -9999 -9999 -9999 -9999 -9999 -9999 -9999 -9999 -9999 -9999 -9999 -9999 -9999 -9999 -9999 -9999 -9999 408 410 408 407 408 405 399 395 396 391 391 389 387 387 384 389 391 386 384 386 385 385 386 386 386 387 388 386 387 389 388 386 -9999 -9999 -9999 -9999 -9999 -9999 -9999 -9999 -9999 -9999 -9999 369 370 369 368 -9999 -9999 -9999
