data-raw/migclim_example_data/MigClim_Example/hsMap4.asc
ncols         255
nrows         223
xllcorner     -10.499999661
yllcorner     34.000000248
cellsize      0.166666667
NODATA_value  -9999
[rows 160 to 199 of 223, columns 0 to 90 of 255]
-9999 -9999 -9999 -9999 -9999 -9999 -9999 -9999 -9999 -9999 -9999 -9999 -9999 -9999 -9999 -9999 -9999 -9999 -9999 -9999 -9999 -9999 -9999 -9999 -9999 -9999 -9999 -9999 -9999 -9999 -9999 -9999 -9999 -9999 -9999 -9999 -9999 -9999 -9999 -9999 -9999 -9999 -9999 -9999 -9999 -9999 -9999 -9999 -9999 -9999 -9999 -9999 -9999 -9999 -9999 436 441 446 451 457 462 469 481 473 467 480 485 493 500 515 520 523 528 540 539 538 536 536 532 525 526 520 527 543 552 565 536 546 527 539 536
-9999 -9999 -9999 -9999 -9999 -9999 -9999 -9999 -9999 -9999 -9999 -9999 -9999 -9999 -9999 -9999 -9999 -9999 -9999 -9999 -9999 -9999 -9999 -9999 -9999 -9999 -9999 -9999 -9999 -9999 -9999 -9999 -9999 -9999 -9999 -9999 -9999 -9999 -9999 -9999 -9999 -9999 -9999 -9999 -9999 -9999 -9999 -9999 -9999 -9999 -9999 -9999 -9999 -9999 -9999 424 433 439 450 453 464 469 474 472 474 473 480 493 502 502 505 512 516 541 540 539 533 529 524 522 528 520 522 549 535 519 540 534 498 507 476
-9999 -9999 -9999 -9999 -9999 -9999 -9999 -9999 -9999 -9999 -9999 -9999 -9999 -9999 -9999 -9999 -9999 -9999 -9999 -9999 -9999 -9999 -9999 -9999 -9999 -9999 -9999 -9999 -9999 -9999 -9999 -9999 -9999 -9999 -9999 -9999 -9999 -9999 -9999 -9999 -9999 -9999 -9999 -9999 -9999 -9999 -9999 -9999 -9999 -9999 -9999 -9999 -9999 -9999 -9999 423 431 439 442 450 455 458 469 471 466 472 475 479 477 479 482 488 498 527 518 536 545 539 527 522 524 521 517 538 530 535 523 470 484 480 464
-9999 -9999 -9999 -9999 -9999 -9999 -9999 -9999 -9999 -9999 -9999 -9999 -9999 -9999 -9999 -9999 -9999 -9999 -9999 -9999 -9999 -9999 -9999 -9999 -9999 -9999 -9999 -9999 -9999 -9999 -9999 -9999 -9999 -9999 -9999 -9999 -9999 -9999 -9999 -9999 -9999 -9999 -9999 -9999 -9999 -9999 -9999 -9999 -9999 -9999 -9999 -9999 -9999 -9999 415 420 431 429 428 435 441 447 456 469 466 473 477 479 488 482 477 480 494 498 501 501 521 540 535 535 529 520 514 517 536 495 462 434 417 423 419
-9999 -9999 -9999 -9999 -9999 -9999 -9999 -9999 -9999 -9999 -9999 -9999 -9999 -9999 -9999 360 337 334 -9999 -9999 -9999 -9999 -9999 -9999 -9999 -9999 -9999 -9999 -9999 -9999 -9999 -9999 -9999 -9999 -9999 -9999 -9999 -9999 -9999 -9999 -9999 -9999 -9999 -9999 -9999 -9999 -9999 -9999 -9999 -9999 -9999 -9999 -9999 -9999 411 416 411 409 419 423 432 444 448 460 467 470 471 480 478 494 479 479 481 479 493 496 519 536 519 512 518 523 528 523 484 451 407 393 386 393 387
-9999 -9999 -9999 -9999 -9999 -9999 -9999 -9999 -9999 -9999 -9999 -9999 -9999 314 325 353 375 367 343 316 318 318 328 342 362 389 386 358 341 343 350 -9999 -9999 -9999 -9999 -9999 -9999 -9999 -9999 -9999 -9999 -9999 -9999 -9999 -9999 -9999 -9999 -9999 -9999 -9999 -9999 -9999 -9999 -9999 400 393 404 410 413 424 433 446 451 455 467 472 472 482 475 485 481 476 483 488 491 479 486 535 516 509 520 500 460 412 419 391 366 366 368 367 373
-9999 -9999 -9999 -9999 -9999 -9999 -9999 -9999 -9999 -9999 -9999 -9999 -9999 304 339 366 379 410 370 340 335 384 370 393 407 409 384 392 376 395 386 383 376 397 427 387 355 380 374 374 378 399 407 419 -9999 401 426 411 -9999 -9999 -9999 -9999 389 397 408 406 404 413 414 418 432 452 460 455 468 467 478 481 481 491 476 479 480 483 479 526 534 533 531 509 458 404 389 379 376 369 -9999 -9999 -9999 -9999 369
-9999 -9999 -9999 -9999 -9999 -9999 -9999 -9999 -9999 272 278 296 300 293 324 361 346 341 348 349 377 367 407 407 397 422 432 428 402 425 449 471 468 454 461 470 443 437 430 430 463 497 443 444 421 409 408 422 420 410 408 413 437 437 449 428 424 419 423 427 439 447 476 465 475 491 492 491 496 485 487 489 483 487 482 450 442 431 405 394 380 374 371 364 -9999 -9999 -9999 -9999 -9999 -9999 -9999
-9999 -9999 -9999 -9999 -9999 -9999 -9999 262 277 295 303 303 299 306 328 343 332 326 338 357 368 355 384 402 368 373 377 394 422 412 418 428 428 453 452 469 451 471 490 491 482 480 485 458 434 431 467 438 428 426 438 474 476 476 501 505 502 488 498 523 522 529 519 530 523 535 512 506 503 511 513 510 510 501 502 495 468 497 450 411 389 367 -9999 -9999 -9999 -9999 -9999 -9999 -9999 -9999 -9999
-9999 -9999 -9999 -9999 -9999 -9999 -9999 256 287 290 285 278 281 291 299 318 320 309 303 336 332 370 350 355 356 359 373 381 385 398 411 418 425 428 462 449 443 451 468 478 475 481 474 474 467 465 446 444 463 473 483 483 454 480 496 492 489 493 530 517 535 515 524 495 531 519 505 507 510 524 537 514 539 533 543 545 514 540 510 445 403 -9999 -9999 -9999 -9999 -9999 -9999 -9999 -9999 -9999 -9999
-9999 -9999 -9999 -9999 -9999 -9999 -9999 -9999 253 256 264 252 267 281 297 316 300 304 301 347 343 336 358 359 360 358 366 390 398 414 423 434 440 443 442 454 449 448 456 454 459 456 462 463 453 421 437 462 464 478 479 465 424 437 462 482 511 508 490 529 484 460 454 445 483 479 525 532 481 494 538 531 549 548 555 532 517 542 456 395 358 -9999 -9999 -9999 -9999 -9999 -9999 -9999 -9999 -9999 -9999
-9999 -9999 -9999 -9999 -9999 -9999 -9999 -9999 244 248 243 258 289 310 307 319 284 282 282 321 331 339 304 313 359 372 388 399 400 399 409 428 444 445 449 459 456 456 456 462 456 457 462 457 445 414 432 447 447 426 418 393 401 461 453 432 486 490 513 516 499 509 523 526 530 496 469 468 452 515 550 464 486 475 472 533 542 532 544 413 376 366 -9999 -9999 -9999 -9999 -9999 -9999 -9999 -9999 -9999
-9999 -9999 -9999 -9999 -9999 -9999 -9999 -9999 -9999 -9999 245 245 294 290 258 261 268 277 289 291 312 313 340 339 339 372 377 372 380 382 396 418 421 438 446 453 448 455 454 462 465 461 466 474 477 452 416 431 400 392 381 387 384 390 409 456 489 513 495 520 518 510 503 526 523 504 524 508 541 539 547 532 544 538 539 508 495 558 542 513 460 414 -9999 -9999 -9999 -9999 -9999 -9999 -9999 -9999 -9999
-9999 -9999 -9999 -9999 -9999 -9999 -9999 -9999 -9999 -9999 243 245 265 275 248 253 262 294 302 307 319 306 309 323 333 373 372 364 369 383 394 396 404 421 433 439 444 449 468 468 472 471 458 451 457 458 480 485 497 497 420 379 360 377 383 393 421 444 418 447 510 520 523 514 495 518 529 531 539 512 515 523 557 547 528 519 523 549 517 465 391 358 385 -9999 -9999 -9999 -9999 -9999 -9999 -9999 -9999
-9999 -9999 -9999 -9999 -9999 -9999 -9999 -9999 -9999 -9999 252 238 242 265 309 281 271 280 308 318 325 297 307 355 371 362 358 364 365 375 386 394 409 418 423 426 447 452 449 464 468 477 473 470 448 465 476 476 485 497 498 424 375 350 383 366 383 388 374 376 370 397 406 409 435 504 517 540 512 541 543 536 527 526 538 550 550 549 507 447 388 353 -9999 -9999 -9999 -9999 -9999 -9999 -9999 -9999 -9999
-9999 -9999 -9999 -9999 -9999 -9999 -9999 -9999 -9999 247 243 265 260 296 278 305 304 275 261 284 299 319 333 332 347 367 366 364 360 366 384 391 402 414 432 434 433 451 465 469 476 480 475 479 478 471 476 489 502 505 511 478 420 387 341 335 380 400 343 377 345 344 367 351 367 422 450 484 469 454 456 509 504 479 470 519 511 534 501 411 413 367 -9999 -9999 -9999 -9999 -9999 -9999 -9999 -9999 -9999
-9999 -9999 -9999 -9999 -9999 -9999 -9999 -9999 -9999 -9999 246 243 250 268 297 303 299 265 258 269 272 304 302 311 338 351 364 363 360 372 384 395 422 426 423 421 434 446 445 444 447 451 462 485 491 495 500 511 518 514 515 510 510 440 374 339 331 335 333 376 378 332 324 324 333 336 367 353 378 401 432 470 492 427 423 505 510 525 425 377 400 -9999 -9999 -9999 -9999 -9999 -9999 -9999 -9999 -9999 -9999
-9999 -9999 -9999 -9999 -9999 -9999 -9999 -9999 -9999 -9999 241 240 239 247 267 277 262 261 265 247 259 286 289 299 321 343 355 357 364 368 387 388 401 406 395 410 422 430 432 432 439 453 459 462 470 481 495 508 502 514 517 520 510 440 394 359 374 340 314 315 337 365 342 328 321 319 323 339 362 400 459 474 434 422 404 411 368 386 393 -9999 -9999 -9999 -9999 -9999 -9999 -9999 -9999 -9999 -9999 -9999 -9999
-9999 -9999 -9999 -9999 -9999 -9999 -9999 -9999 -9999 -9999 240 240 241 243 255 248 290 273 253 247 257 270 276 292 313 332 348 359 369 379 385 382 382 400 396 409 415 423 429 441 472 460 461 483 493 491 495 497 504 496 491 488 458 439 426 391 401 411 351 307 304 327 329 312 318 309 339 386 414 431 423 452 419 364 362 350 339 -9999 -9999 -9999 -9999 -9999 -9999 -9999 -9999 -9999 -9999 -9999 -9999 -9999 -9999
-9999 -9999 -9999 -9999 -9999 -9999 -9999 -9999 -9999 -9999 241 241 245 242 241 269 248 250 251 259 247 256 280 289 309 333 354 376 394 404 397 402 395 389 401 400 399 409 414 428 442 462 433 455 468 496 500 504 508 475 472 467 455 452 498 483 468 433 378 329 306 298 290 298 311 316 306 375 432 421 343 353 340 339 365 321 -9999 -9999 -9999 -9999 -9999 -9999 -9999 -9999 -9999 -9999 -9999 -9999 -9999 -9999 -9999
-9999 -9999 -9999 -9999 -9999 -9999 -9999 -9999 -9999 -9999 -9999 237 237 240 254 262 250 252 251 250 243 251 269 292 309 330 344 364 381 409 411 409 411 407 413 415 411 418 424 459 442 446 444 481 491 478 473 503 505 505 502 508 521 520 502 519 514 472 451 395 363 331 329 326 323 336 288 315 330 304 308 -9999 -9999 -9999 -9999 -9999 -9999 -9999 -9999 -9999 -9999 -9999 -9999 -9999 -9999 -9999 -9999 -9999 -9999 -9999 -9999
-9999 -9999 -9999 -9999 -9999 -9999 -9999 -9999 -9999 -9999 -9999 236 243 261 261 268 273 259 262 251 247 258 271 288 305 323 349 363 385 404 410 418 433 434 425 431 437 424 444 370 434 438 433 429 423 441 472 496 515 506 498 495 506 513 517 520 504 518 474 449 436 375 383 379 370 317 294 283 -9999 -9999 -9999 -9999 -9999 -9999 -9999 -9999 -9999 -9999 -9999 -9999 -9999 -9999 -9999 -9999 -9999 -9999 -9999 -9999 -9999 -9999 -9999
-9999 -9999 -9999 -9999 -9999 -9999 -9999 -9999 -9999 -9999 -9999 231 238 251 247 250 249 249 252 250 252 259 269 284 298 320 341 379 396 403 413 428 453 465 463 461 469 457 420 423 425 384 389 396 402 448 461 451 492 504 504 499 500 497 521 513 506 504 510 511 491 422 431 456 458 294 259 254 -9999 -9999 -9999 -9999 -9999 -9999 -9999 -9999 -9999 -9999 -9999 -9999 -9999 -9999 -9999 -9999 -9999 -9999 -9999 -9999 -9999 -9999 -9999
-9999 -9999 -9999 -9999 -9999 -9999 -9999 -9999 -9999 -9999 229 228 230 252 242 235 237 239 250 253 256 261 267 276 297 335 350 368 380 401 430 452 427 463 474 478 469 460 411 381 355 350 365 373 408 434 436 453 483 513 498 486 479 486 508 522 513 505 498 485 495 483 477 429 314 268 262 -9999 -9999 -9999 -9999 -9999 -9999 -9999 -9999 -9999 -9999 -9999 -9999 -9999 -9999 -9999 -9999 -9999 -9999 -9999 -9999 -9999 -9999 -9999 -9999
-9999 -9999 -9999 -9999 -9999 -9999 -9999 -9999 -9999 -9999 228 228 228 230 229 232 240 298 257 249 254 260 267 278 297 310 306 332 389 410 436 385 384 427 475 454 385 380 344 338 329 340 342 394 399 403 404 427 427 475 511 483 477 484 503 525 524 497 484 506 491 503 451 342 293 255 -9999 -9999 -9999 -9999 -9999 -9999 -9999 -9999 -9999 -9999 -9999 -9999 -9999 -9999 -9999 -9999 -9999 -9999 -9999 -9999 -9999 -9999 -9999 -9999 -9999
-9999 -9999 -9999 -9999 -9999 -9999 -9999 -9999 -9999 229 227 227 227 227 229 241 250 263 236 237 249 254 264 268 266 266 267 332 374 356 387 380 429 415 362 383 356 325 337 336 337 330 348 374 377 379 411 426 447 477 514 494 481 486 492 525 524 517 513 496 499 440 336 297 261 -9999 -9999 -9999 -9999 -9999 -9999 -9999 -9999 -9999 -9999 -9999 -9999 -9999 -9999 -9999 -9999 -9999 -9999 -9999 -9999 -9999 -9999 -9999 -9999 -9999 -9999
-9999 -9999 -9999 -9999 -9999 -9999 -9999 -9999 -9999 227 226 227 229 238 246 246 240 238 232 230 232 232 235 237 244 247 260 297 318 292 276 273 288 304 329 304 307 325 321 323 328 324 341 343 356 392 423 436 458 464 491 515 513 511 513 486 492 497 474 432 389 321 274 262 -9999 -9999 -9999 -9999 -9999 -9999 -9999 -9999 -9999 -9999 -9999 -9999 -9999 -9999 -9999 -9999 -9999 -9999 -9999 -9999 -9999 -9999 239 240 -9999 -9999 -9999
-9999 -9999 -9999 -9999 -9999 -9999 -9999 -9999 -9999 227 227 228 230 234 234 243 234 227 226 224 227 227 231 233 235 244 255 248 252 258 260 269 277 284 302 298 308 304 306 312 310 342 357 366 373 389 402 417 437 443 474 486 489 524 505 480 485 503 502 393 352 278 242 -9999 -9999 -9999 -9999 -9999 -9999 -9999 -9999 -9999 -9999 -9999 -9999 -9999 -9999 -9999 -9999 -9999 264 231 -9999 -9999 -9999 -9999 238 241 241 -9999 -9999
-9999 -9999 -9999 -9999 -9999 -9999 -9999 -9999 -9999 227 227 229 227 229 230 232 226 224 224 223 224 226 228 230 235 241 244 251 262 270 275 281 285 302 318 321 317 331 339 339 333 329 340 354 357 376 398 397 414 419 458 465 467 456 469 466 403 389 366 332 298 255 -9999 -9999 -9999 -9999 -9999 -9999 -9999 -9999 -9999 -9999 -9999 -9999 -9999 -9999 -9999 -9999 269 271 249 229 233 236 -9999 -9999 -9999 -9999 -9999 -9999 -9999
-9999 -9999 -9999 -9999 -9999 -9999 -9999 -9999 227 228 235 230 226 227 228 227 224 224 223 224 225 224 228 233 233 235 242 249 259 274 317 321 301 338 357 370 371 371 376 365 347 342 346 338 345 365 373 389 401 408 423 426 439 412 431 416 429 374 284 256 252 243 -9999 -9999 -9999 -9999 -9999 -9999 -9999 -9999 -9999 -9999 -9999 -9999 -9999 -9999 -9999 250 250 241 241 235 235 232 -9999 -9999 -9999 -9999 -9999 -9999 -9999
-9999 -9999 -9999 -9999 -9999 -9999 -9999 226 226 230 228 225 226 226 224 225 225 225 227 227 228 226 227 229 233 238 242 248 263 287 301 287 284 280 298 328 353 336 379 377 358 351 330 329 342 341 349 364 374 401 396 393 393 378 353 340 364 367 289 257 242 -9999 -9999 -9999 -9999 -9999 -9999 -9999 -9999 -9999 -9999 -9999 -9999 -9999 -9999 -9999 -9999 -9999 -9999 240 238 233 234 -9999 -9999 -9999 -9999 -9999 -9999 -9999 -9999
-9999 -9999 -9999 -9999 -9999 -9999 -9999 227 227 227 226 225 226 227 225 225 225 225 227 227 225 225 226 229 233 237 245 241 241 243 252 257 260 280 287 299 312 310 348 338 350 343 322 323 322 341 351 359 363 371 372 371 367 367 363 353 333 343 298 254 241 238 -9999 -9999 -9999 -9999 -9999 -9999 -9999 -9999 -9999 -9999 -9999 -9999 -9999 -9999 -9999 -9999 -9999 -9999 -9999 231 -9999 -9999 -9999 -9999 -9999 -9999 -9999 -9999 -9999
-9999 -9999 -9999 -9999 -9999 -9999 226 226 227 226 226 226 227 225 225 225 224 225 225 223 223 222 223 225 227 231 231 230 231 237 240 249 258 270 285 285 307 307 311 308 309 305 309 322 327 354 372 384 396 374 361 361 365 379 396 418 354 367 275 245 244 245 -9999 -9999 -9999 -9999 -9999 -9999 -9999 -9999 -9999 238 236 -9999 -9999 -9999 -9999 -9999 -9999 -9999 -9999 -9999 -9999 -9999 -9999 -9999 -9999 -9999 -9999 -9999 -9999
-9999 -9999 -9999 -9999 -9999 -9999 228 228 227 225 225 225 224 225 226 225 225 226 224 224 221 220 221 223 224 225 225 227 230 235 240 245 255 262 268 284 281 292 292 296 297 305 305 318 344 364 386 406 409 385 356 353 375 403 401 374 363 361 290 256 254 258 238 -9999 -9999 -9999 -9999 -9999 -9999 -9999 237 235 -9999 -9999 -9999 -9999 -9999 -9999 -9999 -9999 -9999 -9999 -9999 -9999 -9999 -9999 -9999 -9999 -9999 -9999 -9999
-9999 -9999 -9999 -9999 -9999 -9999 228 227 226 226 226 226 227 227 228 227 227 227 225 222 220 221 221 223 224 226 230 232 234 236 242 246 245 249 253 268 282 286 293 303 294 306 303 321 329 361 382 390 399 413 408 381 378 374 367 346 356 303 314 320 295 310 266 241 -9999 -9999 -9999 -9999 -9999 -9999 -9999 230 -9999 -9999 -9999 -9999 -9999 -9999 -9999 -9999 -9999 -9999 -9999 -9999 -9999 -9999 -9999 -9999 -9999 -9999 -9999
-9999 -9999 -9999 -9999 -9999 -9999 -9999 227 226 228 226 226 227 230 231 229 227 226 224 222 224 224 225 226 226 227 229 233 234 241 239 239 242 246 251 262 284 288 280 283 285 297 306 319 328 346 343 377 452 424 393 352 326 313 320 326 303 291 322 325 319 282 248 -9999 -9999 -9999 -9999 -9999 -9999 -9999 -9999 -9999 -9999 -9999 -9999 -9999 -9999 -9999 -9999 -9999 -9999 -9999 -9999 -9999 -9999 -9999 -9999 -9999 -9999 -9999 -9999
-9999 -9999 -9999 -9999 -9999 -9999 -9999 -9999 230 -9999 227 227 228 229 229 229 228 226 224 223 225 226 229 229 230 231 230 233 235 236 238 239 242 247 250 253 266 284 281 266 295 305 296 288 301 301 310 368 420 345 323 295 275 270 279 286 302 289 266 254 244 -9999 -9999 -9999 -9999 -9999 -9999 -9999 -9999 -9999 -9999 -9999 -9999 -9999 -9999 -9999 -9999 -9999 -9999 -9999 -9999 -9999 -9999 -9999 -9999 -9999 -9999 -9999 -9999 -9999 -9999
-9999 -9999 -9999 -9999 -9999 -9999 -9999 -9999 -9999 -9999 229 230 229 229 230 229 229 227 224 223 223 225 226 227 229 231 233 234 232 232 237 238 242 243 245 252 253 252 254 246 245 248 247 265 274 290 333 416 402 373 388 316 258 250 245 259 259 256 243 241 -9999 -9999 -9999 -9999 -9999 -9999 -9999 -9999 -9999 -9999 -9999 -9999 -9999 -9999 -9999 -9999 -9999 -9999 -9999 -9999 -9999 -9999 -9999 -9999 -9999 -9999 -9999 -9999 -9999 -9999 -9999
-9999 -9999 -9999 -9999 -9999 -9999 -9999 -9999 -9999 -9999 232 233 230 230 230 230 229 227 226 225 226 227 227 231 234 234 228 229 234 230 227 231 238 235 231 230 228 229 229 230 230 234 245 254 261 352 390 454 455 426 391 331 279 262 250 234 235 238 240 -9999 -9999 -9999 -9999 -9999 -9999 -9999 -9999 -9999 -9999 -9999 -9999 -9999 -9999 -9999 -9999 -9999 -9999 -9999 -9999 -9999 -9999 -9999 -9999 -9999 -9999 -9999 -9999 -9999 -9999 -9999 -9999
-9999 -9999 -9999 -9999 -9999 -9999 -9999 -9999 -9999 -9999 233 234 232 231 232 231 229 228 229 226 228 230 232 231 226 227 228 224 227 232 226 222 224 224 222 222 223 225 227 228 228 232 239 242 258 372 454 404 373 369 342 310 323 293 248 240 243 247 245 -9999 -9999 -9999 -9999 -9999 -9999 -9999 -9999 -9999 -9999 -9999 -9999 -9999 -9999 -9999 -9999 -9999 -9999 -9999 -9999 -9999 -9999 -9999 -9999 -9999 -9999 -9999 -9999 -9999 -9999 -9999 -9999
