data-raw/migclim_example_data/MigClim_Example/hsMap3.asc
ncols         255
nrows         223
xllcorner     -10.499999661
yllcorner     34.000000248
cellsize      0.166666667
NODATA_value  -9999
[rows 160 to 199 of 223, columns 0 to 90 of 255]
-9999 -9999 -9999 -9999 -9999 -9999 -9999 -9999 -9999 -9999 -9999 -9999 -9999 -9999 -9999 -9999 -9999 -9999 -9999 -9999 -9999 -9999 -9999 -9999 -9999 -9999 -9999 -9999 -9999 -9999 -9999 -9999 -9999 -9999 -9999 -9999 -9999 -9999 -9999 -9999 -9999 -9999 -9999 -9999 -9999 -9999 -9999 -9999 -9999 -9999 -9999 -9999 -9999 -9999 -9999 401 405 410 414 419 424 430 443 433 427 440 444 453 461 476 479 482 487 498 498 500 500 500 496 488 490 485 489 505 509 516 499 507 474 485 480
-9999 -9999 -9999 -9999 -9999 -9999 -9999 -9999 -9999 -9999 -9999 -9999 -9999 -9999 -9999 -9999 -9999 -9999 -9999 -9999 -9999 -9999 -9999 -9999 -9999 -9999 -9999 -9999 -9999 -9999 -9999 -9999 -9999 -9999 -9999 -9999 -9999 -9999 -9999 -9999 -9999 -9999 -9999 -9999 -9999 -9999 -9999 -9999 -9999 -9999 -9999 -9999 -9999 -9999 -9999 391 397 402 414 415 426 430 435 432 434 431 439 453 463 460 462 470 473 498 498 500 496 493 488 486 490 485 485 509 498 484 501 482 442 450 414
-9999 -9999 -9999 -9999 -9999 -9999 -9999 -9999 -9999 -9999 -9999 -9999 -9999 -9999 -9999 -9999 -9999 -9999 -9999 -9999 -9999 -9999 -9999 -9999 -9999 -9999 -9999 -9999 -9999 -9999 -9999 -9999 -9999 -9999 -9999 -9999 -9999 -9999 -9999 -9999 -9999 -9999 -9999 -9999 -9999 -9999 -9999 -9999 -9999 -9999 -9999 -9999 -9999 -9999 -9999 391 397 403 405 413 417 418 429 431 425 431 433 437 435 435 438 443 453 482 472 490 499 498 489 484 485 485 482 499 492 494 470 414 428 423 404
-9999 -9999 -9999 -9999 -9999 -9999 -9999 -9999 -9999 -9999 -9999 -9999 -9999 -9999 -9999 -9999 -9999 -9999 -9999 -9999 -9999 -9999 -9999 -9999 -9999 -9999 -9999 -9999 -9999 -9999 -9999 -9999 -9999 -9999 -9999 -9999 -9999 -9999 -9999 -9999 -9999 -9999 -9999 -9999 -9999 -9999 -9999 -9999 -9999 -9999 -9999 -9999 -9999 -9999 385 389 397 393 390 396 401 407 415 429 424 433 436 437 445 438 432 434 449 451 454 451 469 496 493 487 486 481 477 478 492 439 404 380 360 365 358
-9999 -9999 -9999 -9999 -9999 -9999 -9999 -9999 -9999 -9999 -9999 -9999 -9999 -9999 -9999 355 335 332 -9999 -9999 -9999 -9999 -9999 -9999 -9999 -9999 -9999 -9999 -9999 -9999 -9999 -9999 -9999 -9999 -9999 -9999 -9999 -9999 -9999 -9999 -9999 -9999 -9999 -9999 -9999 -9999 -9999 -9999 -9999 -9999 -9999 -9999 -9999 -9999 382 386 377 372 381 384 392 403 407 418 425 429 428 439 435 451 434 433 433 430 442 444 468 495 482 474 479 479 481 470 426 395 349 337 330 336 329
-9999 -9999 -9999 -9999 -9999 -9999 -9999 -9999 -9999 -9999 -9999 -9999 -9999 310 322 348 372 362 339 314 313 312 321 338 355 381 377 347 331 331 338 -9999 -9999 -9999 -9999 -9999 -9999 -9999 -9999 -9999 -9999 -9999 -9999 -9999 -9999 -9999 -9999 -9999 -9999 -9999 -9999 -9999 -9999 -9999 370 363 368 373 376 385 394 405 408 413 425 430 429 439 431 441 435 429 436 438 438 428 435 492 480 472 478 446 404 354 360 334 313 313 314 313 316
-9999 -9999 -9999 -9999 -9999 -9999 -9999 -9999 -9999 -9999 -9999 -9999 -9999 300 335 364 376 404 364 334 330 377 362 386 397 400 375 381 364 382 371 368 360 380 410 368 338 359 352 354 357 378 386 398 -9999 378 403 390 -9999 -9999 -9999 -9999 363 368 378 375 369 375 376 378 390 410 417 412 426 424 435 436 436 445 429 432 431 434 428 476 495 493 486 456 400 346 334 324 321 316 -9999 -9999 -9999 -9999 312
-9999 -9999 -9999 -9999 -9999 -9999 -9999 -9999 -9999 272 278 299 304 293 323 358 343 338 344 344 374 363 398 400 389 414 422 416 392 412 434 454 452 437 443 451 425 418 408 409 444 478 422 424 401 389 387 400 397 388 386 388 410 410 420 394 387 381 383 386 397 404 432 422 431 448 447 444 449 438 441 444 434 437 430 397 388 376 348 339 326 322 318 312 -9999 -9999 -9999 -9999 -9999 -9999 -9999
-9999 -9999 -9999 -9999 -9999 -9999 -9999 263 279 297 304 306 301 307 328 345 330 323 336 356 363 347 372 389 355 360 364 380 405 396 403 411 411 436 436 450 434 452 470 471 463 460 464 435 411 407 445 414 403 401 413 450 448 442 466 469 469 449 457 483 483 489 474 488 478 491 468 461 458 465 467 463 462 451 452 443 418 444 396 354 334 314 -9999 -9999 -9999 -9999 -9999 -9999 -9999 -9999 -9999
-9999 -9999 -9999 -9999 -9999 -9999 -9999 257 289 293 287 282 284 293 300 318 324 307 301 331 325 361 337 340 340 343 356 362 365 376 389 396 403 409 438 430 424 432 447 457 456 460 451 453 444 442 421 418 439 447 453 448 419 441 460 458 455 460 489 480 488 471 485 455 483 481 468 473 475 487 499 478 498 497 501 500 462 495 457 389 347 -9999 -9999 -9999 -9999 -9999 -9999 -9999 -9999 -9999 -9999
-9999 -9999 -9999 -9999 -9999 -9999 -9999 -9999 254 260 268 254 271 284 301 316 303 301 297 340 333 324 343 345 340 337 344 365 373 386 399 407 414 417 417 430 428 426 434 431 436 433 437 438 427 394 406 428 432 442 443 432 386 398 422 444 472 470 454 485 443 423 419 413 441 439 478 491 442 451 490 484 506 506 515 496 483 498 401 340 306 -9999 -9999 -9999 -9999 -9999 -9999 -9999 -9999 -9999 -9999
-9999 -9999 -9999 -9999 -9999 -9999 -9999 -9999 245 249 244 261 293 316 311 322 282 280 277 317 322 326 290 297 340 350 365 375 375 372 382 400 414 415 419 432 429 430 428 434 425 427 433 426 412 381 395 410 411 389 380 358 364 420 411 390 447 445 469 475 460 468 481 484 488 451 430 430 420 469 500 429 447 439 438 489 504 497 497 361 323 315 -9999 -9999 -9999 -9999 -9999 -9999 -9999 -9999 -9999
-9999 -9999 -9999 -9999 -9999 -9999 -9999 -9999 -9999 -9999 246 247 300 296 262 260 267 275 286 285 301 301 325 322 321 350 355 350 356 357 370 389 392 408 416 422 417 424 422 428 431 426 431 438 439 414 378 393 363 355 346 349 346 350 367 412 444 473 450 476 472 469 463 480 480 465 482 469 493 496 503 490 497 492 498 465 455 518 503 460 403 357 -9999 -9999 -9999 -9999 -9999 -9999 -9999 -9999 -9999
-9999 -9999 -9999 -9999 -9999 -9999 -9999 -9999 -9999 -9999 245 246 270 285 250 253 262 294 299 301 309 295 300 311 316 351 349 342 345 358 368 369 376 392 403 408 413 417 433 432 436 436 425 420 426 425 443 447 458 456 380 341 324 338 343 352 377 400 374 400 465 475 477 464 446 470 486 490 498 474 474 483 514 504 489 483 489 508 465 410 336 307 331 -9999 -9999 -9999 -9999 -9999 -9999 -9999 -9999
-9999 -9999 -9999 -9999 -9999 -9999 -9999 -9999 -9999 -9999 255 239 243 272 317 283 271 280 309 311 314 287 295 339 350 341 337 341 341 350 361 368 381 389 393 396 415 419 416 428 432 441 437 434 420 433 443 443 450 463 457 384 337 314 343 328 342 347 332 335 330 353 361 364 387 453 468 493 462 497 497 494 486 487 488 506 502 506 455 393 335 305 -9999 -9999 -9999 -9999 -9999 -9999 -9999 -9999 -9999
-9999 -9999 -9999 -9999 -9999 -9999 -9999 -9999 -9999 248 244 268 263 302 284 308 306 276 259 279 291 308 320 316 328 346 344 341 337 343 359 365 376 385 401 404 402 418 431 434 440 443 438 441 441 436 444 453 463 466 471 438 379 348 305 301 341 358 306 336 306 306 325 310 326 374 401 434 419 402 404 458 451 426 417 469 458 483 447 356 361 314 -9999 -9999 -9999 -9999 -9999 -9999 -9999 -9999 -9999
-9999 -9999 -9999 -9999 -9999 -9999 -9999 -9999 -9999 -9999 248 244 252 275 304 308 304 266 257 265 264 294 290 297 320 331 342 340 338 346 358 368 393 396 392 390 403 413 411 409 411 413 423 446 452 456 459 469 477 473 475 470 471 398 335 304 297 300 299 335 337 297 290 288 296 298 322 310 330 350 378 414 439 372 368 452 459 477 373 325 346 -9999 -9999 -9999 -9999 -9999 -9999 -9999 -9999 -9999 -9999
-9999 -9999 -9999 -9999 -9999 -9999 -9999 -9999 -9999 -9999 243 242 240 250 272 281 264 262 265 244 253 276 278 286 305 323 333 334 341 344 360 361 373 376 365 379 390 396 397 397 402 414 419 422 429 438 451 464 459 471 476 479 468 398 353 321 333 303 282 283 300 325 303 292 285 283 287 298 316 350 405 419 379 368 353 362 321 337 345 -9999 -9999 -9999 -9999 -9999 -9999 -9999 -9999 -9999 -9999 -9999 -9999
-9999 -9999 -9999 -9999 -9999 -9999 -9999 -9999 -9999 -9999 241 241 242 245 260 251 294 276 253 245 253 263 267 280 298 314 327 336 344 353 357 356 356 371 366 378 383 389 393 404 433 420 420 441 451 447 450 452 458 451 448 445 415 397 382 349 358 367 313 276 273 292 293 279 283 275 298 338 361 378 370 396 367 319 319 308 299 -9999 -9999 -9999 -9999 -9999 -9999 -9999 -9999 -9999 -9999 -9999 -9999 -9999 -9999
-9999 -9999 -9999 -9999 -9999 -9999 -9999 -9999 -9999 -9999 242 242 246 243 241 273 249 251 250 257 244 250 270 277 294 314 333 352 367 377 370 373 367 362 371 370 366 375 379 391 404 422 396 416 429 453 455 460 460 429 426 422 411 408 454 438 422 387 336 294 275 269 263 268 277 281 272 326 379 369 301 312 302 301 323 288 -9999 -9999 -9999 -9999 -9999 -9999 -9999 -9999 -9999 -9999 -9999 -9999 -9999 -9999 -9999
-9999 -9999 -9999 -9999 -9999 -9999 -9999 -9999 -9999 -9999 -9999 238 238 241 260 267 251 252 251 250 240 247 261 280 295 312 324 341 355 381 383 380 382 376 381 383 377 383 388 421 405 408 405 439 448 434 428 457 460 461 458 460 473 473 456 475 470 425 403 350 322 293 291 289 286 297 260 280 291 273 279 -9999 -9999 -9999 -9999 -9999 -9999 -9999 -9999 -9999 -9999 -9999 -9999 -9999 -9999 -9999 -9999 -9999 -9999 -9999 -9999
-9999 -9999 -9999 -9999 -9999 -9999 -9999 -9999 -9999 -9999 -9999 236 244 265 267 274 276 261 263 250 244 253 262 277 291 306 328 339 358 374 381 388 402 402 392 397 402 388 408 340 397 397 392 387 380 397 426 450 470 461 455 451 460 464 472 476 461 473 426 399 386 330 337 332 324 283 265 258 -9999 -9999 -9999 -9999 -9999 -9999 -9999 -9999 -9999 -9999 -9999 -9999 -9999 -9999 -9999 -9999 -9999 -9999 -9999 -9999 -9999 -9999 -9999
-9999 -9999 -9999 -9999 -9999 -9999 -9999 -9999 -9999 -9999 -9999 231 239 254 251 251 252 250 252 249 251 254 261 274 285 304 320 354 369 374 382 397 420 431 428 426 434 420 385 387 385 346 350 356 361 403 415 405 445 459 460 456 457 451 474 468 462 458 463 463 438 372 380 403 405 265 242 240 -9999 -9999 -9999 -9999 -9999 -9999 -9999 -9999 -9999 -9999 -9999 -9999 -9999 -9999 -9999 -9999 -9999 -9999 -9999 -9999 -9999 -9999 -9999
-9999 -9999 -9999 -9999 -9999 -9999 -9999 -9999 -9999 -9999 231 230 231 254 242 237 239 240 251 254 256 257 260 266 284 317 330 345 354 372 399 419 396 429 440 443 434 424 374 345 323 318 330 335 366 389 391 406 436 467 455 444 441 443 459 476 466 458 451 438 447 430 423 378 282 248 245 -9999 -9999 -9999 -9999 -9999 -9999 -9999 -9999 -9999 -9999 -9999 -9999 -9999 -9999 -9999 -9999 -9999 -9999 -9999 -9999 -9999 -9999 -9999 -9999
-9999 -9999 -9999 -9999 -9999 -9999 -9999 -9999 -9999 -9999 229 228 229 232 229 232 242 304 259 250 254 258 261 270 285 295 290 312 363 382 405 357 355 394 440 418 352 346 314 307 300 308 310 354 357 360 359 379 379 427 465 440 438 440 455 477 475 449 445 459 448 451 398 304 265 242 -9999 -9999 -9999 -9999 -9999 -9999 -9999 -9999 -9999 -9999 -9999 -9999 -9999 -9999 -9999 -9999 -9999 -9999 -9999 -9999 -9999 -9999 -9999 -9999 -9999
-9999 -9999 -9999 -9999 -9999 -9999 -9999 -9999 -9999 231 228 227 227 227 229 241 253 266 236 238 249 252 259 260 256 257 256 311 351 332 359 352 396 381 333 349 327 298 308 305 306 300 314 337 339 339 368 380 400 429 467 450 437 442 447 474 474 467 462 450 451 389 298 270 246 -9999 -9999 -9999 -9999 -9999 -9999 -9999 -9999 -9999 -9999 -9999 -9999 -9999 -9999 -9999 -9999 -9999 -9999 -9999 -9999 -9999 -9999 -9999 -9999 -9999 -9999
-9999 -9999 -9999 -9999 -9999 -9999 -9999 -9999 -9999 227 226 227 229 239 249 248 241 240 232 230 232 232 231 233 238 240 251 281 298 275 262 259 271 284 305 282 283 298 294 295 299 295 309 310 320 351 379 390 411 416 442 470 467 464 464 435 448 450 422 381 344 288 255 247 -9999 -9999 -9999 -9999 -9999 -9999 -9999 -9999 -9999 -9999 -9999 -9999 -9999 -9999 -9999 -9999 -9999 -9999 -9999 -9999 -9999 -9999 232 233 -9999 -9999 -9999
-9999 -9999 -9999 -9999 -9999 -9999 -9999 -9999 -9999 227 228 229 231 235 236 244 235 227 226 224 226 226 229 230 231 238 246 241 244 249 250 257 263 268 280 277 284 281 283 287 285 310 322 330 336 348 360 373 391 396 426 436 436 472 453 427 432 454 449 347 313 258 235 -9999 -9999 -9999 -9999 -9999 -9999 -9999 -9999 -9999 -9999 -9999 -9999 -9999 -9999 -9999 -9999 -9999 248 227 -9999 -9999 -9999 -9999 232 234 234 -9999 -9999
-9999 -9999 -9999 -9999 -9999 -9999 -9999 -9999 -9999 228 228 230 228 230 230 232 226 225 223 223 224 225 226 227 231 236 238 243 251 257 261 265 268 282 294 296 292 303 309 309 304 300 309 319 321 338 356 354 370 371 409 413 416 405 417 414 354 345 324 296 272 244 -9999 -9999 -9999 -9999 -9999 -9999 -9999 -9999 -9999 -9999 -9999 -9999 -9999 -9999 -9999 -9999 250 251 238 225 228 230 -9999 -9999 -9999 -9999 -9999 -9999 -9999
-9999 -9999 -9999 -9999 -9999 -9999 -9999 -9999 228 229 236 230 227 227 228 227 225 224 223 224 224 224 226 229 230 231 236 242 249 261 295 299 281 312 326 338 338 337 341 332 315 310 313 306 312 329 336 347 355 363 377 378 390 365 382 366 380 332 262 244 242 238 -9999 -9999 -9999 -9999 -9999 -9999 -9999 -9999 -9999 -9999 -9999 -9999 -9999 -9999 -9999 238 238 230 232 228 229 228 -9999 -9999 -9999 -9999 -9999 -9999 -9999
-9999 -9999 -9999 -9999 -9999 -9999 -9999 227 227 231 229 226 226 226 225 226 226 226 228 227 227 225 225 226 230 233 236 241 253 271 284 270 267 264 277 301 323 307 344 342 325 317 300 298 309 308 313 326 335 357 352 350 350 336 315 304 324 327 266 246 237 -9999 -9999 -9999 -9999 -9999 -9999 -9999 -9999 -9999 -9999 -9999 -9999 -9999 -9999 -9999 -9999 -9999 -9999 230 230 227 229 -9999 -9999 -9999 -9999 -9999 -9999 -9999 -9999
-9999 -9999 -9999 -9999 -9999 -9999 -9999 228 228 227 227 226 227 227 226 226 225 225 228 228 225 224 225 227 229 233 238 235 235 236 243 247 249 264 269 277 289 286 318 308 318 311 293 294 293 308 315 322 327 333 334 332 329 327 324 315 299 307 275 245 236 234 -9999 -9999 -9999 -9999 -9999 -9999 -9999 -9999 -9999 -9999 -9999 -9999 -9999 -9999 -9999 -9999 -9999 -9999 -9999 227 -9999 -9999 -9999 -9999 -9999 -9999 -9999 -9999 -9999
-9999 -9999 -9999 -9999 -9999 -9999 227 227 228 227 227 227 227 226 225 225 225 225 225 224 224 222 222 223 223 227 226 227 228 231 233 240 247 256 267 267 284 283 287 284 284 281 283 293 297 318 335 344 354 336 324 323 328 336 353 372 317 328 260 239 239 239 -9999 -9999 -9999 -9999 -9999 -9999 -9999 -9999 -9999 233 231 -9999 -9999 -9999 -9999 -9999 -9999 -9999 -9999 -9999 -9999 -9999 -9999 -9999 -9999 -9999 -9999 -9999 -9999
-9999 -9999 -9999 -9999 -9999 -9999 229 229 228 226 227 227 226 226 226 225 225 226 225 225 222 220 220 220 221 222 223 225 227 230 233 237 245 251 255 266 263 271 272 274 275 281 280 290 310 328 345 363 366 344 319 317 334 359 358 335 324 324 273 248 247 249 235 -9999 -9999 -9999 -9999 -9999 -9999 -9999 232 230 -9999 -9999 -9999 -9999 -9999 -9999 -9999 -9999 -9999 -9999 -9999 -9999 -9999 -9999 -9999 -9999 -9999 -9999 -9999
-9999 -9999 -9999 -9999 -9999 -9999 229 228 226 227 227 227 228 229 229 228 228 228 225 222 221 221 220 221 222 223 226 228 229 230 235 238 236 240 242 254 264 267 272 280 273 281 279 293 299 326 343 349 357 370 364 340 338 336 330 312 319 282 292 297 277 289 256 237 -9999 -9999 -9999 -9999 -9999 -9999 -9999 228 -9999 -9999 -9999 -9999 -9999 -9999 -9999 -9999 -9999 -9999 -9999 -9999 -9999 -9999 -9999 -9999 -9999 -9999 -9999
-9999 -9999 -9999 -9999 -9999 -9999 -9999 228 227 228 228 228 229 231 231 230 227 226 225 222 224 223 224 224 224 224 226 229 230 235 234 232 235 238 241 250 266 269 262 264 266 274 281 291 298 313 310 338 407 380 351 316 296 285 291 297 281 275 298 302 297 269 242 -9999 -9999 -9999 -9999 -9999 -9999 -9999 -9999 -9999 -9999 -9999 -9999 -9999 -9999 -9999 -9999 -9999 -9999 -9999 -9999 -9999 -9999 -9999 -9999 -9999 -9999 -9999 -9999
-9999 -9999 -9999 -9999 -9999 -9999 -9999 -9999 231 -9999 228 229 230 230 230 231 228 226 225 224 225 226 228 227 227 227 227 229 231 231 232 234 235 239 241 243 252 266 263 252 273 280 273 267 277 277 284 331 376 311 294 272 257 255 263 269 283 275 256 248 240 -9999 -9999 -9999 -9999 -9999 -9999 -9999 -9999 -9999 -9999 -9999 -9999 -9999 -9999 -9999 -9999 -9999 -9999 -9999 -9999 -9999 -9999 -9999 -9999 -9999 -9999 -9999 -9999 -9999 -9999
-9999 -9999 -9999 -9999 -9999 -9999 -9999 -9999 -9999 -9999 230 231 231 229 230 229 229 227 225 224 224 225 225 226 226 228 229 229 228 229 232 232 235 236 237 243 243 242 243 237 236 238 238 251 257 268 302 373 361 336 349 290 249 244 240 251 252 249 239 238 -9999 -9999 -9999 -9999 -9999 -9999 -9999 -9999 -9999 -9999 -9999 -9999 -9999 -9999 -9999 -9999 -9999 -9999 -9999 -9999 -9999 -9999 -9999 -9999 -9999 -9999 -9999 -9999 -9999 -9999 -9999
-9999 -9999 -9999 -9999 -9999 -9999 -9999 -9999 -9999 -9999 233 233 232 231 230 230 229 227 226 226 226 227 227 231 232 231 225 226 230 227 224 228 232 230 227 226 223 224 224 224 224 227 236 242 248 318 352 411 411 384 352 302 266 254 245 233 232 235 238 -9999 -9999 -9999 -9999 -9999 -9999 -9999 -9999 -9999 -9999 -9999 -9999 -9999 -9999 -9999 -9999 -9999 -9999 -9999 -9999 -9999 -9999 -9999 -9999 -9999 -9999 -9999 -9999 -9999 -9999 -9999 -9999
-9999 -9999 -9999 -9999 -9999 -9999 -9999 -9999 -9999 -9999 233 235 233 233 234 232 230 228 229 226 228 230 232 230 225 225 226 222 225 228 223 221 221 222 219 219 220 221 223 223 223 226 231 234 246 336 412 365 336 332 313 289 300 279 244 237 240 243 241 -9999 -9999 -9999 -9999 -9999 -9999 -9999 -9999 -9999 -9999 -9999 -9999 -9999 -9999 -9999 -9999 -9999 -9999 -9999 -9999 -9999 -9999 -9999 -9999 -9999 -9999 -9999 -9999 -9999 -9999 -9999 -9999
