data-raw/migclim_example_data/MigClim_Example/hsMap4.asc
ncols         255
nrows         223
xllcorner     -10.499999661
yllcorner     34.000000248
cellsize      0.166666667
NODATA_value  -9999
[rows 120 to 159 of 223, columns 91 to 181 of 255]
543 543 546 542 549 546 543 543 546 546 544 544 543 542 543 547 550 553 552 555 556 552 550 555 559 560 562 569 567 570 566 567 566 570 570 577 583 591 590 589 588 588 589 588 597 598 601 597 595 592 588 580 584 580 587 594 597 602 608 608 614 620 620 624 622 621 610 607 612 615 621 623 624 630 630 633 631 631 631 631 633 632 633 632 633 632 629 624 620 615 614
534 537 541 543 546 548 544 546 545 544 540 537 539 536 540 545 548 550 554 556 559 556 558 563 564 568 565 565 558 562 569 566 571 570 570 571 577 581 582 579 581 584 581 587 591 591 596 594 587 585 578 572 578 580 591 600 608 613 611 607 618 623 620 596 599 620 608 599 602 613 615 615 613 620 623 625 625 626 628 628 628 628 626 628 627 626 626 623 619 615 609
530 534 540 542 543 546 542 539 537 536 537 539 539 540 540 543 549 551 553 558 558 560 559 562 561 565 565 566 562 566 565 566 564 566 567 552 554 567 571 573 576 576 575 577 585 584 590 585 573 568 566 567 565 560 571 595 611 616 619 622 626 618 620 597 582 557 569 600 604 591 591 604 600 607 609 614 614 621 624 625 625 625 623 623 621 620 621 614 611 608 606
534 539 543 541 539 540 535 531 535 538 537 540 543 542 544 545 550 551 552 558 560 560 562 564 565 566 565 559 564 566 566 560 555 561 569 567 555 550 557 560 570 567 566 567 575 580 568 563 549 544 547 539 566 602 620 624 623 626 633 639 642 642 645 651 647 644 627 615 604 600 588 573 585 594 596 603 611 612 618 623 625 623 620 619 616 615 613 606 598 597 597
538 539 543 550 550 545 537 534 534 538 541 537 543 543 545 545 546 547 553 553 551 558 563 565 563 563 568 564 565 562 563 552 563 572 573 570 570 564 556 559 556 555 560 561 567 563 536 514 510 512 544 580 611 620 624 627 624 629 636 639 644 645 646 653 658 657 639 633 636 603 573 584 570 571 595 597 597 603 613 622 623 617 613 612 607 608 607 597 593 585 581
549 552 562 548 556 568 553 542 539 541 539 539 540 542 543 545 548 551 551 557 556 559 559 563 560 562 566 566 565 562 565 564 569 571 568 568 570 571 573 574 571 557 557 560 553 554 552 553 556 567 553 588 611 618 617 620 623 624 623 627 632 634 636 642 647 650 643 640 636 617 563 576 550 526 541 560 561 587 608 615 619 616 610 604 599 594 594 589 582 570 565
561 574 583 579 592 576 563 553 545 547 543 543 541 540 540 545 546 549 552 556 555 555 553 558 559 558 560 565 565 564 564 564 566 567 569 569 567 570 569 570 573 570 554 547 557 563 567 553 540 552 570 586 604 606 607 610 611 614 610 617 621 624 625 630 635 635 633 633 631 621 610 591 559 565 535 498 561 584 607 613 613 611 598 587 580 575 575 578 579 580 589
555 559 572 583 593 584 563 553 546 539 542 537 538 535 536 540 543 541 547 540 545 551 546 551 550 554 556 561 561 564 561 564 566 565 567 563 566 570 566 564 568 571 562 561 557 569 562 557 562 567 577 591 603 605 604 604 606 609 608 610 615 618 619 619 621 620 622 624 620 618 610 605 591 610 602 575 580 590 606 612 607 605 593 577 565 554 549 552 562 568 577
542 551 554 553 554 554 549 540 531 534 531 535 535 537 534 533 537 537 542 542 544 544 545 543 546 550 554 558 558 556 560 560 559 562 563 563 565 566 570 567 565 569 568 571 572 570 555 568 579 586 598 606 609 601 595 593 600 605 607 608 606 609 607 605 602 601 592 585 578 593 601 601 605 622 633 635 604 600 603 602 606 596 574 560 538 496 487 498 492 520 506
544 546 545 539 539 542 541 532 537 535 532 532 542 537 535 531 530 531 533 535 537 538 539 536 540 544 550 550 553 552 559 556 559 558 561 560 560 563 567 565 564 563 568 569 574 572 565 566 573 587 591 596 589 588 583 589 594 601 598 603 601 598 597 595 595 594 581 576 569 579 589 602 605 613 633 636 625 613 611 608 595 579 554 508 508 483 476 464 458 450 476
544 537 544 537 536 538 542 538 541 531 535 529 525 530 528 525 523 523 526 531 532 530 530 530 535 538 539 544 546 547 549 554 552 552 554 557 558 557 560 562 557 557 561 567 570 570 566 563 557 573 569 575 577 575 582 584 591 596 599 602 600 584 584 587 581 585 585 584 586 586 598 610 598 609 630 634 627 618 605 597 582 547 525 518 518 493 474 465 472 486 472
541 538 543 538 540 534 531 537 539 536 533 532 525 530 527 523 519 521 522 525 527 525 522 525 529 531 533 531 536 538 543 543 547 547 548 550 547 550 554 554 552 550 553 560 563 565 563 564 561 558 545 538 548 563 572 581 586 587 588 589 593 581 578 577 583 580 589 592 595 592 608 613 611 622 630 629 624 618 607 594 578 561 552 564 555 515 479 486 494 467 445
537 535 532 543 538 537 535 541 538 539 534 535 525 527 526 523 522 522 522 525 521 521 525 524 524 525 524 523 527 530 532 535 537 538 536 539 538 542 541 543 546 547 545 554 560 555 545 546 541 544 521 515 505 512 528 552 567 575 574 574 579 577 575 574 587 587 591 593 599 605 611 617 620 624 630 630 630 621 611 597 583 597 592 564 518 543 527 507 519 525 487
535 531 533 536 534 540 538 545 540 539 535 529 524 526 526 522 521 520 521 520 519 521 523 522 520 520 517 518 517 523 522 524 527 528 529 531 533 530 534 534 534 537 539 543 545 545 545 540 540 528 518 516 505 498 505 519 528 553 564 563 565 567 564 569 575 586 584 593 600 605 606 609 618 623 625 628 627 616 602 606 607 591 565 554 561 561 493 498 482 475 492
527 530 535 536 539 541 540 537 547 544 536 529 522 526 524 521 518 519 516 516 518 518 518 515 513 511 512 511 507 511 514 515 519 520 520 522 525 526 524 525 529 530 530 530 530 527 529 528 525 523 522 513 519 512 502 506 519 538 545 548 545 554 556 556 564 569 573 584 580 581 590 608 611 610 616 626 621 612 614 611 602 608 603 607 581 544 571 593 567 575 569
526 527 531 537 542 546 546 543 546 540 532 526 521 527 525 521 518 513 515 514 513 512 512 513 509 506 505 504 507 507 506 511 512 514 515 516 518 517 518 518 516 520 518 518 520 518 516 516 513 511 511 508 512 514 509 518 519 521 532 522 513 525 535 540 549 560 567 566 569 576 590 590 599 597 606 616 619 618 594 611 605 599 612 590 610 611 614 617 604 583 601
525 529 534 535 543 546 545 551 541 537 535 525 525 530 524 518 516 512 511 512 510 508 507 509 503 504 502 502 503 501 505 504 508 506 507 509 509 510 509 508 510 510 507 510 508 508 505 503 503 499 498 497 503 504 509 519 525 519 526 525 517 510 509 517 538 549 534 536 540 546 561 568 575 578 600 615 612 590 582 590 594 614 612 615 619 613 621 606 620 613 587
527 533 534 530 541 545 544 545 541 540 532 525 532 527 522 516 512 509 508 509 507 505 503 503 503 499 499 496 498 500 499 498 500 500 498 500 499 500 499 500 501 503 502 500 501 498 498 494 491 490 489 488 492 496 504 515 525 529 526 529 524 520 517 524 529 533 527 529 537 544 525 536 549 559 601 589 576 567 566 575 578 578 583 581 596 600 613 620 591 577 577
526 526 532 538 542 538 542 536 536 535 535 529 530 518 516 514 507 506 502 502 501 497 498 499 496 497 496 496 495 495 496 495 496 493 494 493 494 491 492 493 494 499 501 499 496 495 494 489 488 484 479 474 477 481 492 502 510 517 517 516 518 518 521 520 524 528 527 534 539 539 523 534 548 556 559 558 559 553 552 552 554 555 569 553 551 556 565 551 547 559 579
522 526 531 532 536 534 528 525 525 524 531 535 530 522 513 509 503 502 499 499 494 490 493 496 496 498 497 497 494 493 490 491 491 489 487 487 485 483 484 487 487 491 492 494 495 495 492 488 483 479 471 469 467 473 477 482 490 497 501 502 505 504 501 498 498 505 508 522 535 525 525 539 530 539 545 549 547 542 537 534 533 538 550 538 535 601 560 554 558 568 577
524 528 533 530 526 526 524 521 521 517 521 519 529 519 511 504 499 498 493 494 488 490 490 493 493 493 495 497 488 485 487 488 487 486 483 482 479 476 477 480 482 483 483 485 492 490 488 484 479 474 470 459 460 461 452 455 464 479 478 490 490 488 481 483 484 480 488 513 532 537 531 527 517 520 528 528 533 529 527 525 521 517 533 523 520 555 516 513 525 505 510
528 528 523 521 525 522 523 523 522 515 515 515 521 513 508 500 500 495 492 492 488 486 487 488 490 493 495 495 494 490 490 491 486 490 483 482 480 474 472 472 478 477 478 478 489 490 489 481 480 474 470 468 465 464 459 463 465 472 479 479 485 479 475 481 488 497 493 499 525 535 546 533 521 519 518 518 519 524 530 522 519 519 540 528 521 542 480 501 513 491 483
529 528 520 526 524 524 523 521 517 516 515 519 517 512 507 502 497 495 490 488 485 481 482 484 487 490 492 491 494 491 493 495 488 493 476 478 481 475 476 475 462 468 481 489 490 486 486 483 486 479 471 481 475 462 464 472 472 465 469 469 475 488 496 497 498 494 506 515 526 539 545 525 519 515 514 512 511 515 529 537 535 536 531 507 501 495 475 478 493 491 479
527 521 528 528 529 525 526 523 518 521 524 527 517 514 506 500 498 494 487 485 480 478 478 480 484 487 489 488 493 495 498 488 465 460 456 461 488 485 475 481 484 480 466 485 465 476 482 484 488 489 489 484 467 461 455 455 463 476 482 483 491 496 490 500 504 509 512 516 515 519 525 517 512 507 508 503 508 529 568 568 542 509 497 494 485 478 468 469 478 483 475
524 528 532 533 527 530 525 518 523 532 525 520 511 508 506 500 496 495 491 485 482 474 472 477 475 477 483 482 494 494 479 500 458 433 454 485 467 460 427 456 484 455 459 457 446 430 432 451 424 455 472 461 455 481 488 484 485 488 491 481 491 487 500 501 501 505 500 502 499 506 505 501 503 505 500 496 504 529 544 521 498 496 488 482 482 478 469 466 468 474 469
527 535 534 534 535 528 517 530 530 525 516 511 509 498 498 500 500 497 496 488 483 481 478 478 461 447 463 459 477 501 495 453 432 413 443 452 414 419 438 449 496 468 460 494 453 449 464 494 463 498 492 504 498 501 478 483 495 496 498 490 494 495 494 495 483 487 491 493 494 499 497 498 497 496 494 498 498 506 502 490 487 489 487 484 479 478 469 466 461 463 459
536 539 539 539 539 525 528 528 526 517 515 509 506 500 504 507 501 501 497 491 477 471 431 440 427 440 467 486 496 483 456 419 414 419 424 462 413 427 478 508 488 513 515 519 505 501 495 497 509 518 513 520 519 513 508 502 501 495 498 498 497 496 493 486 484 483 483 483 487 492 490 491 494 491 491 487 487 488 491 493 492 487 485 484 483 478 471 465 464 460 456
539 543 545 544 534 523 521 527 515 508 515 505 505 508 507 492 493 489 486 455 409 426 417 441 430 446 443 460 473 477 431 429 423 424 439 478 498 514 522 509 518 521 484 490 484 481 502 501 505 512 518 518 515 508 501 499 495 491 495 491 492 490 492 492 491 485 484 481 482 482 487 488 488 489 487 489 488 490 488 487 487 484 487 486 481 480 472 470 468 465 458
531 554 552 555 523 519 520 523 513 511 508 499 503 505 494 485 459 440 426 412 442 439 435 465 464 488 458 468 470 454 429 408 428 443 465 405 451 522 517 503 518 505 490 504 495 508 511 502 507 504 499 510 509 509 501 497 496 493 494 494 495 492 482 496 498 488 486 485 483 488 488 491 489 490 490 487 491 491 488 491 487 485 486 488 483 482 475 476 471 467 460
552 560 561 551 521 515 521 520 508 506 509 507 493 509 496 494 500 489 470 484 457 488 481 490 487 490 490 496 494 495 477 500 508 504 497 454 511 522 512 511 522 513 507 506 511 505 503 499 483 490 543 497 503 500 503 501 498 489 485 491 491 481 481 480 483 484 487 485 483 489 490 492 493 493 494 492 494 492 490 488 486 485 484 484 495 487 483 479 475 471 465
559 554 553 550 523 527 523 508 512 511 513 512 501 461 513 490 442 421 420 414 463 494 497 490 507 491 488 497 495 507 515 517 517 523 525 467 522 523 521 511 517 514 508 500 517 495 492 511 571 573 585 586 588 538 505 502 498 492 487 489 482 481 483 481 484 484 494 503 497 494 491 493 492 494 499 497 496 498 499 493 488 487 487 487 497 496 490 484 482 477 471
555 554 554 559 524 528 517 517 514 526 518 519 509 440 440 442 429 434 417 440 509 503 513 550 526 525 500 514 495 499 506 508 513 513 527 526 524 548 516 515 513 506 497 523 546 576 535 521 526 535 544 544 545 560 528 500 497 488 487 482 484 487 480 479 487 490 510 502 500 509 508 504 500 493 493 500 507 509 510 515 513 503 501 508 506 506 499 494 490 485 482
554 562 564 561 558 533 547 530 527 531 525 520 462 473 500 524 522 513 504 501 504 528 557 565 561 557 559 562 573 585 578 557 582 509 515 514 573 512 516 506 580 577 589 560 548 525 519 518 516 518 523 522 523 533 573 527 492 486 485 486 481 482 481 479 488 487 517 547 535 523 515 506 500 508 503 497 503 512 521 527 532 527 523 519 514 515 513 512 505 499 497
554 563 559 558 554 564 529 538 530 523 536 523 529 467 457 459 458 491 496 498 553 551 551 556 557 548 539 535 536 532 535 555 579 627 631 581 626 593 527 584 585 555 547 544 532 527 527 520 515 515 -9999 -9999 -9999 -9999 519 529 494 487 492 490 487 481 483 505 502 528 545 536 526 525 514 511 500 511 514 496 489 486 498 528 538 536 536 529 527 531 527 526 527 521 514
557 561 557 545 536 537 533 538 526 547 527 542 473 451 445 489 528 506 531 506 516 504 505 509 513 512 514 516 516 521 526 536 541 525 543 550 556 546 553 558 558 559 541 536 534 527 527 -9999 -9999 -9999 -9999 -9999 -9999 519 570 581 495 488 486 488 485 483 484 502 522 532 526 532 530 511 509 528 531 527 514 489 490 493 494 497 520 537 547 551 546 545 550 551 545 544 541
555 565 564 540 552 526 528 535 493 546 550 478 494 480 463 539 530 504 469 471 466 470 467 475 482 479 484 487 501 514 518 519 508 488 497 506 522 526 524 525 527 528 534 525 528 523 -9999 -9999 -9999 -9999 -9999 -9999 -9999 505 564 584 550 512 -9999 555 483 493 485 489 512 521 512 533 510 495 502 530 548 552 550 538 535 519 536 541 537 556 567 572 568 564 559 558 558 555 554
552 572 574 566 541 549 545 549 543 463 468 462 506 539 541 529 553 491 489 498 496 490 474 455 450 451 458 478 482 493 496 504 495 486 488 495 501 504 506 504 514 508 509 519 512 516 -9999 -9999 -9999 -9999 -9999 -9999 -9999 -9999 526 575 550 544 514 474 526 481 481 479 481 495 507 506 506 514 532 524 532 508 547 576 583 569 560 588 581 576 582 583 582 579 584 580 571 554 533
545 559 557 544 554 552 537 554 485 444 452 532 509 467 546 555 507 486 484 490 470 463 450 439 430 447 509 557 558 525 512 499 489 493 485 485 484 482 484 482 489 492 497 501 504 503 500 -9999 -9999 -9999 -9999 -9999 -9999 -9999 490 508 510 -9999 499 -9999 495 489 477 470 474 474 490 495 499 527 541 542 577 540 522 573 578 565 582 576 570 555 585 596 595 601 600 602 605 600 595
551 557 556 543 535 552 552 553 557 514 468 544 504 478 526 556 497 487 487 481 472 470 462 431 439 485 535 519 544 558 571 563 504 491 484 469 465 462 457 450 460 471 475 482 487 487 -9999 -9999 -9999 -9999 -9999 -9999 -9999 -9999 -9999 -9999 -9999 -9999 463 -9999 446 477 483 461 463 473 470 472 480 475 481 518 550 535 535 555 550 556 571 579 580 539 550 538 567 591 608 613 612 615 611
525 552 540 529 531 544 547 551 525 546 554 548 475 445 522 530 557 498 484 477 526 494 472 487 521 510 529 516 518 523 556 570 565 576 538 519 465 452 443 428 438 454 463 468 469 466 -9999 -9999 -9999 -9999 -9999 -9999 -9999 -9999 -9999 -9999 -9999 -9999 441 -9999 -9999 466 469 461 455 461 465 472 472 473 487 488 532 489 491 493 501 492 528 570 563 515 574 554 526 528 569 620 594 598 614
