data-raw/migclim_example_data/MigClim_Example/hsMap3.asc
ncols         255
nrows         223
xllcorner     -10.499999661
yllcorner     34.000000248
cellsize      0.166666667
NODATA_value  -9999
[rows 120 to 159 of 223, columns 91 to 181 of 255]
510 510 513 511 513 511 509 508 511 510 508 508 508 507 509 511 515 516 513 516 516 511 509 513 518 518 519 526 524 526 521 523 522 525 524 530 535 541 540 539 538 537 538 536 543 543 545 539 536 534 531 524 528 525 533 540 542 546 552 552 559 565 565 569 566 566 553 546 552 556 566 569 568 580 580 586 583 584 585 585 590 588 590 590 593 592 590 582 574 567 566
505 506 506 509 512 512 508 509 510 509 505 502 504 502 506 508 510 515 516 517 520 516 517 521 522 525 523 522 515 519 525 522 525 524 523 524 528 531 532 529 532 534 530 534 538 536 539 537 528 527 522 517 523 524 536 545 552 557 554 550 560 565 560 536 538 560 547 536 541 554 557 555 554 566 570 573 575 577 581 580 581 581 579 583 580 581 581 578 572 567 559
501 504 504 507 511 513 509 506 505 503 505 504 504 506 505 508 512 513 516 519 518 521 519 521 521 523 523 523 520 522 521 520 519 520 521 506 508 519 522 524 527 526 524 525 531 530 534 528 516 512 511 513 511 507 517 538 555 560 561 564 567 558 557 534 522 503 510 535 540 527 527 543 539 549 550 558 558 569 574 576 577 576 574 574 570 570 572 561 558 553 552
503 508 506 504 507 508 503 499 505 506 504 506 508 506 508 509 512 513 514 520 521 521 523 524 525 525 523 516 521 523 523 515 510 515 522 520 509 504 510 512 520 518 517 516 523 527 515 510 498 495 497 493 512 545 566 570 569 571 578 585 588 588 591 597 589 585 566 554 541 537 526 511 522 533 535 543 554 556 565 573 577 573 570 567 564 561 559 548 536 535 536
510 511 515 511 515 512 506 505 503 505 508 504 507 507 509 508 508 507 515 513 511 519 523 525 523 522 525 522 522 519 518 507 517 527 525 523 523 516 509 511 508 508 511 513 516 512 492 474 470 472 496 523 553 565 569 574 570 576 586 588 596 598 599 606 611 608 588 580 583 541 513 522 508 509 535 536 535 544 557 570 573 563 558 557 550 552 549 535 529 518 513
523 525 537 521 517 530 519 509 506 506 506 504 505 506 506 508 509 511 511 517 516 519 519 523 521 521 525 524 522 519 520 519 523 524 523 522 522 522 525 525 522 509 509 511 505 505 503 503 504 512 502 530 554 564 563 566 570 571 577 587 588 592 595 595 603 606 599 593 586 558 505 514 494 479 488 500 501 525 549 559 567 563 554 545 538 532 533 524 516 501 495
532 548 556 559 578 552 527 518 510 512 507 507 504 503 503 508 507 512 512 516 515 513 512 517 519 518 519 523 521 520 520 519 522 522 522 523 520 523 521 521 524 521 507 501 508 512 514 503 493 501 516 528 546 549 552 555 555 560 567 573 572 579 580 584 587 587 585 585 580 565 551 530 502 505 485 464 501 523 548 557 558 555 536 522 513 508 508 511 512 513 525
525 519 531 541 550 543 524 513 505 500 502 501 501 498 500 502 505 504 507 501 506 510 506 511 510 513 515 519 518 521 518 519 521 520 520 517 519 524 519 517 519 521 513 513 509 517 511 507 510 513 521 533 546 549 548 550 551 554 557 556 562 564 564 565 569 566 568 571 565 562 551 544 529 553 541 514 519 529 548 555 548 546 530 510 496 484 479 482 492 498 509
512 515 521 521 522 520 515 501 500 501 495 498 498 500 499 497 500 500 504 503 504 505 506 505 509 512 515 516 517 513 516 516 515 516 517 517 518 519 523 519 517 519 519 520 520 519 506 516 524 530 541 549 553 545 540 538 545 551 552 554 551 554 550 548 545 542 533 525 519 532 541 540 546 569 584 586 544 539 544 543 547 533 506 491 471 441 433 440 438 455 445
513 507 514 508 507 510 507 501 504 503 500 497 503 500 498 495 493 494 496 496 498 500 502 497 502 507 511 511 512 510 515 512 515 513 515 514 513 516 519 517 516 516 519 519 523 520 514 515 520 532 534 539 533 533 529 534 539 546 543 549 545 542 540 537 536 535 522 517 511 519 528 541 545 554 584 591 573 558 555 550 533 515 491 460 451 435 429 422 419 413 426
512 505 512 507 505 505 503 506 507 498 501 495 490 492 492 489 487 487 490 494 496 495 496 495 498 500 500 504 506 507 507 511 508 507 509 511 512 511 514 515 511 510 513 518 520 519 515 513 508 519 516 520 522 522 528 531 535 542 545 546 544 529 528 529 522 525 525 523 525 525 537 551 537 549 580 588 578 566 547 535 520 489 473 466 461 442 430 425 427 433 422
509 509 505 507 507 498 500 503 504 502 499 497 491 494 491 488 482 486 486 489 490 494 492 494 494 494 496 494 497 499 502 501 504 503 504 505 503 506 509 509 506 505 508 512 514 515 514 514 511 508 498 493 501 511 519 528 532 533 533 534 537 525 521 521 524 520 528 532 534 531 548 555 553 570 582 579 573 566 549 532 515 499 492 497 488 457 439 438 442 426 420
505 505 502 505 501 507 503 507 502 503 498 500 491 491 490 487 486 486 485 489 489 492 496 493 491 489 487 487 490 493 493 494 495 496 495 497 496 499 499 500 503 503 501 508 512 508 500 499 496 497 480 476 469 474 486 503 516 521 520 519 524 521 519 517 527 526 531 532 539 544 553 559 565 571 580 577 578 568 552 535 520 536 529 500 467 479 467 454 461 463 439
503 500 503 505 504 509 505 510 504 502 498 495 491 490 491 485 484 485 488 488 490 491 490 488 485 485 483 484 483 486 485 486 487 488 489 490 492 489 493 494 493 494 496 499 499 499 499 495 495 485 476 475 467 462 466 478 483 504 511 510 512 512 510 512 517 526 523 533 539 546 554 561 566 576 578 580 571 557 540 546 549 530 503 494 496 495 454 456 447 444 452
497 498 505 506 508 509 506 502 509 506 500 494 489 490 487 484 484 485 483 486 489 484 483 480 479 478 479 478 474 476 478 478 481 481 481 484 486 487 485 486 490 489 489 488 488 485 486 485 482 480 479 471 476 470 462 466 477 492 497 499 496 501 503 502 507 511 513 522 532 533 544 557 565 566 571 569 563 552 555 554 542 556 542 549 516 486 505 529 501 508 502
495 497 499 507 511 512 511 507 509 504 496 492 488 491 488 485 483 480 484 484 481 476 477 479 475 473 471 471 473 471 469 474 475 478 478 478 481 481 481 480 478 481 479 479 481 478 476 476 472 471 470 466 469 470 468 476 477 478 488 480 471 480 486 489 495 502 508 514 519 524 536 543 552 550 559 568 559 559 550 557 558 556 558 528 551 553 559 566 542 517 537
494 497 504 504 511 512 509 514 505 501 499 491 490 494 485 480 480 480 480 481 475 473 472 475 470 471 467 467 466 463 468 468 472 471 471 474 474 474 474 471 473 473 470 473 471 470 468 466 465 460 459 457 462 462 468 476 481 477 482 481 473 468 466 472 487 493 490 492 495 500 513 521 527 530 554 554 563 542 536 545 551 566 569 558 564 555 569 545 566 579 546
495 502 503 498 509 511 508 510 506 504 496 490 494 488 484 480 480 478 477 475 473 470 468 469 470 463 461 459 462 464 463 462 464 463 463 465 464 465 463 464 465 466 465 463 464 461 460 456 453 453 451 449 453 457 464 473 480 482 479 482 477 474 472 474 478 480 484 485 492 496 483 492 503 512 551 540 527 519 519 529 531 531 536 536 552 558 576 584 550 534 535
495 495 501 507 509 505 507 502 501 500 501 492 491 479 479 479 475 475 472 469 465 459 461 463 459 461 459 459 459 458 460 458 461 457 457 458 459 456 456 457 458 462 464 461 459 458 457 451 451 445 440 434 436 442 453 462 469 474 473 471 472 470 472 471 475 477 478 483 486 493 481 490 503 508 511 509 510 504 506 505 507 507 521 506 504 510 521 507 504 515 535
492 496 499 501 504 502 495 495 493 491 498 494 491 483 476 476 471 472 467 463 456 450 456 459 459 463 461 461 457 457 454 454 454 453 448 449 447 446 447 451 451 454 456 458 458 459 456 452 446 441 430 428 426 434 437 444 452 459 462 462 464 463 459 457 457 462 466 475 484 481 481 494 487 494 500 501 500 495 491 490 488 489 503 491 490 557 514 509 514 522 533
493 497 501 499 495 496 494 492 491 487 489 485 492 482 477 471 466 466 458 456 448 452 454 458 458 458 462 463 452 449 449 451 449 447 443 444 439 437 439 444 444 446 446 447 455 453 451 447 440 436 431 416 417 418 408 411 424 444 441 453 452 449 443 445 445 441 449 470 482 487 487 484 477 478 484 484 488 484 482 481 478 473 489 479 476 508 473 471 482 463 468
498 497 492 492 495 492 494 494 492 484 483 482 487 480 475 468 468 464 459 458 451 451 452 453 457 459 462 463 463 456 456 455 448 453 444 443 442 433 430 432 440 439 439 439 453 454 453 445 443 437 432 429 425 424 417 424 426 436 443 444 450 444 439 445 450 457 454 460 478 484 491 488 477 478 477 477 478 482 487 479 476 478 498 485 478 496 441 459 470 450 443
497 498 490 498 494 496 495 493 486 486 485 481 484 476 470 466 461 460 454 451 449 444 445 449 451 456 459 459 462 458 459 459 447 455 434 437 441 435 436 436 424 429 443 452 453 449 451 447 451 442 434 446 440 423 424 436 437 428 434 435 440 453 459 459 460 457 466 473 479 489 490 482 477 473 473 472 472 475 486 492 491 493 489 469 462 456 437 438 452 450 439
495 492 498 498 500 497 499 496 490 491 486 491 480 477 468 462 461 457 452 450 441 437 441 442 449 452 455 454 458 464 461 445 422 418 415 420 449 447 436 443 447 441 428 449 430 439 446 448 451 455 455 451 432 424 418 420 428 443 451 452 459 462 456 463 465 469 470 470 474 478 482 476 472 468 469 466 471 486 519 521 497 471 461 459 447 439 429 429 438 443 434
493 499 502 503 497 500 497 491 494 493 490 483 474 470 468 465 462 461 454 445 442 433 432 434 429 435 446 446 463 456 433 460 414 392 410 441 424 420 402 419 444 419 424 423 416 407 407 420 401 424 439 430 424 447 456 452 455 458 461 450 460 455 465 463 461 463 463 466 462 468 467 463 466 468 462 460 467 486 498 480 462 460 453 449 448 443 430 427 427 433 428
498 504 503 503 506 500 490 491 495 489 478 472 471 462 463 464 463 459 456 446 438 437 431 433 410 405 423 426 441 468 449 405 387 371 396 407 388 392 404 412 457 428 423 454 420 417 429 454 427 457 454 468 463 470 445 451 467 468 469 460 464 463 462 458 450 454 458 459 460 464 462 464 462 460 459 462 463 469 466 457 454 455 454 450 446 445 429 427 421 423 417
505 508 509 510 509 492 496 496 489 479 477 473 470 463 466 466 460 463 455 447 430 422 390 392 381 399 425 451 465 439 405 374 363 362 373 407 382 393 431 467 444 472 474 475 462 457 452 453 464 476 473 483 487 486 480 474 476 469 469 469 466 465 461 454 453 452 451 451 454 457 458 459 461 458 458 455 455 456 459 458 457 455 451 449 450 444 432 426 426 421 417
508 512 513 513 501 493 489 490 478 470 480 473 468 467 465 447 448 444 439 409 387 392 388 395 387 403 410 425 434 432 387 381 372 369 386 421 441 462 478 469 476 479 440 446 442 440 459 459 464 473 482 484 484 481 476 477 472 466 466 461 461 458 460 459 457 454 454 453 452 451 456 458 456 457 455 456 455 456 456 456 455 450 453 450 443 445 435 433 429 427 419
501 523 519 518 495 490 487 487 475 479 480 466 465 466 449 437 414 397 389 387 400 398 396 416 413 448 416 426 428 410 384 373 377 388 408 371 399 469 473 471 475 460 443 460 453 465 470 461 472 472 473 483 478 481 471 469 474 468 467 466 465 462 450 464 465 458 458 456 453 458 457 459 458 458 459 453 458 456 453 456 452 450 451 453 446 444 439 439 435 429 421
518 522 527 522 494 484 486 482 480 478 472 467 450 468 449 446 454 440 420 435 412 443 435 446 449 452 456 457 466 447 422 446 457 454 436 397 451 465 476 472 478 469 460 463 470 464 464 464 457 468 523 483 483 483 478 480 477 469 463 464 462 451 451 451 453 455 458 458 454 459 458 460 461 460 462 458 460 458 457 454 451 451 452 447 455 448 446 441 438 434 427
527 523 524 521 496 490 489 478 480 477 477 474 458 420 470 442 403 389 388 392 419 464 457 456 477 461 456 472 468 475 474 472 469 476 472 413 473 477 487 474 477 474 469 465 487 467 458 488 526 527 537 540 553 528 495 489 480 470 465 466 458 454 453 453 453 456 464 475 465 462 459 460 459 462 466 461 460 463 462 456 451 452 450 450 457 454 451 446 444 439 434
523 523 523 527 495 493 485 488 483 487 476 477 466 407 403 405 395 399 388 402 466 467 486 513 494 493 475 486 470 471 473 474 476 476 478 480 478 513 484 476 474 469 465 496 514 524 484 469 479 487 500 496 502 520 515 484 477 466 462 458 459 461 452 450 459 463 480 471 468 472 469 466 464 460 461 466 469 469 471 474 470 462 460 466 463 463 456 453 451 447 443
521 528 530 530 526 504 518 503 491 493 487 476 424 432 453 481 475 468 454 452 467 497 520 513 512 510 512 514 525 540 540 523 545 479 484 482 536 475 477 476 546 543 536 505 494 469 464 464 462 464 471 469 472 487 540 505 470 460 456 457 452 454 453 450 459 458 486 508 497 485 475 466 464 471 467 464 468 473 480 484 488 480 478 477 472 472 470 469 461 457 454
521 528 526 523 518 527 499 508 494 491 495 477 485 426 419 419 417 439 454 462 512 493 494 501 509 500 492 485 481 475 475 493 520 574 576 512 567 555 497 550 526 490 486 482 470 467 468 461 458 458 -9999 -9999 -9999 -9999 466 506 471 461 463 462 458 452 454 479 475 497 511 500 491 486 470 469 464 472 475 463 455 455 463 486 491 485 484 481 480 484 481 480 482 477 471
522 526 522 509 501 504 489 497 491 504 478 497 433 414 411 440 479 467 469 441 453 442 447 452 454 457 456 457 454 457 457 465 457 442 462 466 479 471 479 474 480 495 476 469 469 463 464 -9999 -9999 -9999 -9999 -9999 -9999 464 516 537 472 463 460 460 457 455 458 476 493 500 494 498 492 474 469 485 487 487 477 458 457 461 462 463 479 490 495 499 492 490 497 499 493 495 489
518 528 522 506 516 492 492 490 446 499 501 437 448 435 422 487 493 438 399 404 403 408 403 413 424 418 424 424 437 446 445 430 424 405 412 417 432 439 433 431 439 453 467 456 460 458 -9999 -9999 -9999 -9999 -9999 -9999 -9999 443 511 535 499 491 -9999 513 454 465 457 465 486 491 483 498 476 459 466 488 504 508 508 499 496 484 496 499 493 506 513 518 514 509 504 505 503 499 500
516 528 533 522 497 499 508 494 485 422 426 420 454 483 493 493 494 425 420 433 429 422 413 393 392 389 396 417 416 423 422 421 406 398 398 403 407 408 413 411 425 429 438 447 440 445 -9999 -9999 -9999 -9999 -9999 -9999 -9999 -9999 473 524 498 494 466 423 475 452 453 450 454 467 480 475 474 480 493 489 495 474 507 531 537 525 515 537 529 523 529 529 529 525 531 525 517 502 486
508 509 519 496 503 502 491 503 436 408 413 474 455 420 490 511 443 421 418 423 402 398 384 378 369 388 450 501 495 463 440 424 412 404 391 393 394 394 400 403 407 413 424 425 429 428 426 -9999 -9999 -9999 -9999 -9999 -9999 -9999 425 450 457 -9999 449 -9999 445 464 448 442 444 442 460 465 466 491 504 506 535 505 488 532 535 521 534 529 523 509 533 544 541 548 547 549 552 552 547
498 508 516 503 489 501 500 502 506 459 421 488 447 425 465 512 433 420 420 412 401 400 394 366 373 423 492 484 505 520 529 492 432 415 407 393 389 387 382 376 385 395 399 403 405 404 -9999 -9999 -9999 -9999 -9999 -9999 -9999 -9999 -9999 -9999 -9999 -9999 402 -9999 384 447 452 430 432 440 437 441 445 441 448 485 513 502 501 516 511 515 526 531 531 498 504 494 518 538 556 562 564 569 563
469 500 498 486 486 494 495 497 480 494 499 491 420 400 459 481 494 428 418 405 458 426 400 418 454 445 487 478 483 488 514 513 520 507 469 447 391 377 369 356 364 378 386 386 384 384 -9999 -9999 -9999 -9999 -9999 -9999 -9999 -9999 -9999 -9999 -9999 -9999 376 -9999 -9999 408 437 428 424 428 432 438 441 437 450 451 500 453 454 461 468 460 492 524 519 478 525 508 488 489 523 570 542 546 565
