data-raw/migclim_example_data/MigClim_Example/hsMap3.asc
ncols         255
nrows         223
xllcorner     -10.499999661
yllcorner     34.000000248
cellsize      0.166666667
NODATA_value  -9999
[rows 80 to 119 of 223, columns 91 to 181 of 255]
-9999 -9999 -9999 -9999 -9999 -9999 -9999 -9999 -9999 -9999 -9999 -9999 -9999 -9999 -9999 -9999 -9999 -9999 -9999 -9999 -9999 -9999 -9999 -9999 -9999 -9999 -9999 -9999 -9999 -9999 -9999 -9999 -9999 -9999 -9999 -9999 -9999 -9999 -9999 -9999 -9999 -9999 447 445 444 436 434 426 420 420 415 410 411 401 402 405 405 406 401 401 402 404 403 403 405 403 406 407 408 407 410 409 -9999 -9999 -9999 -9999 -9999 -9999 -9999 -9999 -9999 -9999 395 389 389 387 -9999 -9999 -9999 -9999 -9999
-9999 -9999 -9999 -9999 -9999 -9999 -9999 -9999 -9999 -9999 -9999 -9999 -9999 -9999 -9999 -9999 -9999 -9999 -9999 -9999 -9999 -9999 -9999 -9999 -9999 -9999 -9999 -9999 -9999 -9999 -9999 446 446 446 451 -9999 -9999 -9999 -9999 -9999 -9999 -9999 -9999 454 447 438 442 431 431 428 422 421 418 411 409 407 408 407 401 399 401 406 405 403 406 406 406 408 410 409 409 411 -9999 -9999 -9999 -9999 -9999 -9999 -9999 -9999 -9999 397 395 394 391 -9999 -9999 -9999 -9999 -9999 -9999
-9999 -9999 -9999 -9999 -9999 -9999 -9999 -9999 -9999 -9999 -9999 -9999 -9999 -9999 -9999 -9999 -9999 -9999 -9999 -9999 -9999 -9999 -9999 -9999 -9999 -9999 -9999 -9999 -9999 -9999 458 452 452 445 446 -9999 -9999 -9999 -9999 -9999 -9999 -9999 -9999 461 459 451 444 442 432 425 427 423 419 417 413 414 414 412 407 406 406 408 408 407 408 409 410 408 409 410 412 411 -9999 -9999 -9999 -9999 -9999 -9999 -9999 -9999 -9999 397 396 395 394 -9999 -9999 -9999 -9999 -9999 -9999
-9999 -9999 -9999 -9999 -9999 -9999 -9999 -9999 -9999 -9999 -9999 -9999 -9999 -9999 -9999 -9999 -9999 -9999 -9999 -9999 -9999 -9999 -9999 -9999 -9999 -9999 -9999 -9999 -9999 463 466 460 455 451 452 -9999 -9999 456 459 -9999 -9999 -9999 -9999 -9999 -9999 458 449 442 433 431 429 425 426 424 421 420 416 413 412 409 409 405 405 404 407 407 410 412 411 411 414 -9999 -9999 410 405 -9999 -9999 -9999 -9999 -9999 -9999 392 397 398 -9999 -9999 -9999 -9999 -9999 -9999 -9999
-9999 -9999 -9999 -9999 -9999 -9999 -9999 -9999 -9999 -9999 -9999 -9999 -9999 -9999 -9999 -9999 -9999 -9999 -9999 -9999 -9999 -9999 -9999 453 462 460 465 462 466 469 467 464 460 459 459 -9999 -9999 -9999 -9999 -9999 -9999 -9999 -9999 -9999 -9999 464 457 448 441 436 435 430 429 430 428 425 426 417 415 412 414 412 407 404 406 407 410 411 409 414 414 -9999 -9999 410 -9999 -9999 -9999 -9999 -9999 -9999 -9999 395 400 -9999 -9999 -9999 -9999 -9999 -9999 -9999 -9999
-9999 -9999 -9999 -9999 -9999 -9999 -9999 -9999 -9999 -9999 -9999 -9999 -9999 -9999 -9999 -9999 -9999 -9999 -9999 -9999 -9999 -9999 454 457 464 466 469 467 461 462 459 461 464 459 -9999 -9999 -9999 -9999 -9999 -9999 -9999 -9999 -9999 -9999 -9999 -9999 471 462 450 441 437 437 430 433 433 433 430 424 422 422 419 419 412 407 405 410 411 411 413 415 419 -9999 412 411 -9999 -9999 -9999 -9999 -9999 -9999 -9999 396 -9999 -9999 -9999 -9999 -9999 -9999 -9999 -9999 -9999
-9999 -9999 -9999 -9999 -9999 -9999 -9999 -9999 -9999 -9999 -9999 -9999 -9999 -9999 -9999 -9999 -9999 -9999 -9999 -9999 -9999 464 460 465 465 468 468 475 468 464 458 461 463 465 -9999 -9999 -9999 -9999 -9999 -9999 -9999 -9999 -9999 -9999 -9999 -9999 -9999 -9999 459 453 441 433 433 437 437 438 434 430 424 428 422 425 421 417 415 412 414 419 416 419 419 414 413 -9999 -9999 -9999 -9999 -9999 -9999 -9999 -9999 -9999 -9999 -9999 -9999 -9999 -9999 -9999 -9999 -9999 -9999
-9999 -9999 -9999 -9999 -9999 -9999 -9999 -9999 -9999 -9999 -9999 -9999 -9999 -9999 -9999 -9999 -9999 -9999 -9999 -9999 -9999 471 466 474 467 469 475 474 471 468 467 465 458 464 464 -9999 -9999 -9999 -9999 -9999 -9999 -9999 -9999 -9999 -9999 -9999 -9999 -9999 -9999 464 453 441 441 436 441 441 435 434 430 427 429 426 422 422 421 423 423 424 427 427 423 421 -9999 -9999 -9999 -9999 -9999 -9999 -9999 -9999 -9999 -9999 -9999 -9999 -9999 -9999 -9999 -9999 -9999 -9999 -9999
-9999 -9999 -9999 -9999 -9999 -9999 -9999 -9999 -9999 -9999 -9999 -9999 -9999 -9999 -9999 -9999 -9999 -9999 -9999 -9999 477 475 470 472 467 473 473 470 468 466 466 463 461 461 464 464 466 474 -9999 -9999 -9999 -9999 -9999 -9999 -9999 -9999 -9999 -9999 468 457 452 446 443 444 444 446 444 439 437 430 433 430 433 431 432 430 431 435 438 -9999 430 434 -9999 -9999 -9999 -9999 -9999 -9999 -9999 -9999 -9999 -9999 -9999 -9999 -9999 -9999 -9999 -9999 -9999 -9999 -9999
-9999 -9999 -9999 -9999 -9999 -9999 -9999 -9999 -9999 -9999 -9999 -9999 -9999 -9999 -9999 -9999 -9999 -9999 -9999 -9999 -9999 478 470 467 471 474 471 464 464 469 464 461 460 464 469 468 472 -9999 -9999 -9999 -9999 -9999 -9999 -9999 -9999 -9999 -9999 497 493 475 460 451 448 450 451 451 459 448 448 447 446 447 452 448 445 448 439 446 -9999 -9999 444 -9999 -9999 -9999 -9999 -9999 -9999 -9999 -9999 -9999 -9999 -9999 -9999 -9999 -9999 -9999 -9999 -9999 -9999 -9999 -9999
-9999 -9999 -9999 -9999 -9999 -9999 -9999 -9999 -9999 -9999 -9999 -9999 -9999 -9999 -9999 -9999 -9999 -9999 -9999 -9999 479 479 472 470 470 468 470 460 459 464 468 468 467 470 -9999 -9999 -9999 -9999 -9999 -9999 -9999 -9999 -9999 -9999 511 512 510 511 505 486 465 463 457 453 455 458 472 470 469 464 467 -9999 -9999 -9999 -9999 -9999 -9999 -9999 -9999 -9999 -9999 -9999 -9999 -9999 -9999 -9999 -9999 -9999 -9999 -9999 -9999 -9999 -9999 -9999 -9999 -9999 -9999 -9999 -9999 -9999 -9999
-9999 -9999 -9999 -9999 -9999 -9999 -9999 -9999 -9999 -9999 -9999 -9999 -9999 -9999 -9999 -9999 -9999 -9999 -9999 -9999 -9999 486 476 477 477 475 470 465 467 467 471 475 476 485 -9999 490 -9999 -9999 -9999 -9999 -9999 507 514 517 522 519 522 527 518 504 487 478 476 469 462 465 481 481 -9999 -9999 -9999 -9999 -9999 -9999 -9999 -9999 -9999 -9999 -9999 -9999 -9999 -9999 -9999 -9999 -9999 -9999 -9999 -9999 -9999 -9999 -9999 -9999 -9999 -9999 -9999 -9999 -9999 -9999 -9999 -9999 -9999
-9999 -9999 -9999 -9999 -9999 -9999 -9999 -9999 -9999 -9999 -9999 -9999 -9999 -9999 -9999 -9999 -9999 -9999 -9999 -9999 -9999 483 476 477 477 473 469 465 468 469 472 473 -9999 -9999 -9999 -9999 -9999 -9999 509 512 516 517 519 518 524 525 531 537 -9999 525 512 500 495 478 470 465 471 489 -9999 -9999 -9999 -9999 -9999 -9999 -9999 -9999 -9999 -9999 -9999 -9999 -9999 -9999 -9999 -9999 -9999 -9999 -9999 -9999 -9999 -9999 -9999 -9999 -9999 -9999 -9999 -9999 -9999 -9999 -9999 -9999 -9999
-9999 -9999 -9999 -9999 -9999 -9999 -9999 -9999 -9999 -9999 -9999 -9999 -9999 -9999 -9999 -9999 -9999 -9999 -9999 -9999 486 487 480 479 484 477 471 473 470 478 483 -9999 484 485 498 -9999 -9999 -9999 518 513 509 512 509 512 519 525 532 536 -9999 526 520 513 508 496 495 486 480 489 -9999 -9999 -9999 -9999 -9999 -9999 -9999 -9999 -9999 -9999 -9999 -9999 -9999 -9999 -9999 -9999 -9999 -9999 -9999 -9999 -9999 -9999 -9999 -9999 -9999 -9999 -9999 -9999 -9999 -9999 -9999 -9999 -9999
-9999 -9999 -9999 -9999 -9999 -9999 -9999 -9999 -9999 -9999 -9999 -9999 -9999 -9999 -9999 -9999 -9999 -9999 -9999 -9999 -9999 -9999 490 488 486 486 479 476 480 488 490 496 485 494 502 509 507 -9999 -9999 513 508 507 508 512 522 525 -9999 -9999 -9999 529 523 522 517 517 511 514 510 506 -9999 -9999 -9999 -9999 -9999 -9999 -9999 -9999 -9999 -9999 -9999 -9999 -9999 -9999 -9999 -9999 -9999 -9999 -9999 -9999 -9999 -9999 -9999 -9999 -9999 -9999 -9999 -9999 -9999 -9999 -9999 -9999 -9999
-9999 -9999 -9999 -9999 -9999 -9999 -9999 -9999 -9999 -9999 -9999 -9999 -9999 -9999 -9999 -9999 -9999 -9999 -9999 -9999 -9999 -9999 -9999 -9999 494 488 483 478 484 497 -9999 495 490 499 502 503 512 -9999 -9999 517 517 512 509 501 512 518 523 -9999 -9999 -9999 -9999 -9999 -9999 -9999 -9999 -9999 -9999 -9999 -9999 -9999 486 487 -9999 -9999 -9999 -9999 -9999 -9999 -9999 -9999 -9999 -9999 -9999 -9999 -9999 -9999 -9999 -9999 -9999 -9999 -9999 -9999 -9999 -9999 -9999 -9999 -9999 -9999 -9999 -9999 -9999
-9999 -9999 -9999 -9999 -9999 -9999 -9999 -9999 -9999 -9999 -9999 -9999 -9999 -9999 -9999 -9999 -9999 -9999 -9999 -9999 -9999 -9999 -9999 494 499 493 490 487 495 502 504 -9999 -9999 511 515 509 512 522 -9999 -9999 -9999 -9999 513 509 508 -9999 -9999 -9999 -9999 -9999 -9999 -9999 -9999 -9999 -9999 -9999 -9999 -9999 -9999 -9999 513 498 505 -9999 -9999 -9999 -9999 -9999 -9999 -9999 -9999 -9999 -9999 -9999 -9999 -9999 -9999 -9999 -9999 -9999 -9999 -9999 -9999 -9999 -9999 -9999 -9999 -9999 -9999 -9999 -9999
-9999 -9999 -9999 -9999 -9999 -9999 -9999 -9999 -9999 -9999 -9999 -9999 -9999 -9999 -9999 -9999 -9999 -9999 -9999 -9999 -9999 -9999 -9999 -9999 502 499 500 497 503 511 515 517 -9999 -9999 524 523 518 -9999 524 525 522 -9999 517 513 511 514 514 -9999 -9999 -9999 -9999 -9999 -9999 -9999 -9999 -9999 -9999 -9999 -9999 -9999 -9999 -9999 -9999 -9999 -9999 -9999 -9999 -9999 -9999 -9999 -9999 -9999 -9999 -9999 -9999 -9999 -9999 -9999 -9999 -9999 -9999 -9999 -9999 -9999 -9999 -9999 -9999 -9999 -9999 -9999 -9999
-9999 -9999 -9999 -9999 -9999 -9999 -9999 -9999 -9999 -9999 -9999 -9999 -9999 -9999 -9999 -9999 -9999 -9999 -9999 -9999 -9999 -9999 -9999 -9999 503 500 505 505 515 514 520 527 -9999 -9999 -9999 -9999 529 -9999 533 529 527 527 520 523 517 -9999 -9999 -9999 -9999 -9999 -9999 -9999 -9999 -9999 -9999 -9999 -9999 -9999 -9999 -9999 -9999 -9999 -9999 -9999 -9999 -9999 -9999 -9999 -9999 -9999 -9999 -9999 -9999 -9999 -9999 521 510 496 489 480 480 476 478 -9999 -9999 -9999 -9999 -9999 -9999 -9999 -9999
-9999 -9999 -9999 -9999 -9999 -9999 -9999 -9999 -9999 -9999 -9999 -9999 -9999 -9999 -9999 -9999 -9999 -9999 -9999 -9999 -9999 -9999 -9999 -9999 -9999 502 500 509 513 521 521 525 -9999 -9999 -9999 -9999 -9999 -9999 -9999 -9999 -9999 -9999 -9999 -9999 -9999 -9999 -9999 -9999 -9999 -9999 -9999 526 532 524 -9999 -9999 -9999 -9999 -9999 -9999 -9999 -9999 -9999 -9999 -9999 -9999 -9999 -9999 -9999 -9999 -9999 542 548 552 536 524 509 507 493 477 476 469 473 -9999 -9999 -9999 -9999 -9999 -9999 -9999 -9999
-9999 -9999 -9999 -9999 -9999 -9999 -9999 -9999 -9999 -9999 -9999 -9999 -9999 -9999 -9999 -9999 -9999 -9999 -9999 -9999 -9999 -9999 -9999 -9999 506 503 503 508 514 519 523 524 517 518 521 -9999 -9999 -9999 530 534 -9999 -9999 -9999 -9999 -9999 -9999 -9999 519 517 524 523 526 526 530 -9999 -9999 -9999 -9999 -9999 -9999 -9999 -9999 -9999 -9999 -9999 -9999 -9999 -9999 -9999 -9999 536 546 553 556 544 527 516 500 488 479 471 460 459 467 495 -9999 -9999 -9999 -9999 -9999 517
-9999 -9999 -9999 -9999 -9999 -9999 -9999 -9999 -9999 -9999 -9999 -9999 -9999 -9999 -9999 -9999 -9999 -9999 -9999 -9999 -9999 -9999 -9999 -9999 511 508 507 513 517 519 521 520 516 515 517 521 519 528 531 -9999 -9999 -9999 -9999 -9999 -9999 519 520 517 514 518 521 523 528 -9999 -9999 -9999 -9999 -9999 -9999 -9999 -9999 -9999 -9999 -9999 -9999 -9999 568 552 533 523 536 540 550 554 544 534 524 507 494 483 476 468 467 483 499 507 517 518 508 504 520
-9999 -9999 -9999 -9999 -9999 -9999 -9999 -9999 -9999 -9999 -9999 -9999 -9999 -9999 -9999 -9999 -9999 -9999 -9999 -9999 -9999 -9999 -9999 -9999 -9999 515 512 514 517 519 518 519 517 520 521 519 522 527 -9999 -9999 -9999 529 526 523 522 521 517 519 523 520 525 524 524 534 543 557 -9999 -9999 -9999 -9999 -9999 575 579 578 585 583 573 556 535 531 533 538 544 551 545 540 529 521 511 504 497 489 488 497 508 520 524 525 529 523 519
-9999 -9999 -9999 -9999 -9999 -9999 -9999 -9999 -9999 -9999 -9999 -9999 -9999 -9999 -9999 -9999 -9999 -9999 -9999 -9999 -9999 -9999 -9999 -9999 -9999 515 518 518 521 519 518 519 520 521 521 524 525 529 532 528 533 527 526 529 530 526 525 521 521 525 526 530 532 540 550 564 575 586 583 583 582 580 576 572 573 569 559 552 543 545 542 548 552 556 561 562 560 550 535 524 518 513 507 510 518 528 522 524 525 516 515
-9999 -9999 -9999 -9999 -9999 -9999 -9999 -9999 -9999 -9999 -9999 -9999 -9999 -9999 -9999 -9999 -9999 -9999 516 516 -9999 -9999 -9999 522 518 521 520 520 522 521 519 523 521 524 525 527 527 528 531 531 529 534 535 532 528 527 528 527 526 526 524 530 537 549 559 569 581 587 -9999 588 581 577 573 571 561 560 558 547 544 553 561 572 586 582 578 578 574 573 562 546 542 535 529 525 534 538 527 527 526 526 528
-9999 -9999 -9999 -9999 -9999 -9999 -9999 -9999 -9999 -9999 -9999 -9999 -9999 -9999 514 512 512 512 515 515 518 522 518 520 522 525 523 521 521 526 523 524 526 523 524 527 529 530 534 532 534 535 536 536 533 531 535 530 532 529 534 537 541 547 558 570 580 583 581 585 583 578 574 573 568 572 566 561 562 567 574 582 589 595 594 588 591 583 572 567 558 554 545 549 553 543 538 540 539 540 539
-9999 -9999 -9999 -9999 -9999 -9999 -9999 514 512 511 512 509 512 514 517 514 513 514 517 515 517 516 520 521 524 528 524 524 523 523 526 526 529 531 530 531 533 532 535 540 537 542 541 540 538 538 536 533 531 534 535 536 540 548 557 575 573 583 579 580 582 582 583 585 576 576 579 580 576 583 589 600 602 605 604 606 594 596 585 585 571 569 576 570 562 552 553 550 556 547 544
-9999 -9999 -9999 -9999 -9999 511 518 518 516 517 514 515 516 520 516 518 517 514 517 518 515 518 520 521 524 526 526 525 525 524 524 526 528 530 531 532 537 535 537 542 546 544 547 544 544 539 541 544 538 544 544 550 551 556 570 575 580 584 586 582 584 592 593 591 591 594 597 596 599 600 602 607 615 618 616 614 609 604 597 595 588 589 580 572 566 565 562 562 563 562 551
498 504 -9999 -9999 514 515 518 520 521 522 521 520 521 521 520 518 513 516 517 518 518 516 520 523 524 526 526 524 523 522 522 521 528 533 532 536 538 537 543 544 547 548 554 548 549 551 547 549 546 553 554 560 567 574 573 579 587 589 584 579 582 587 594 602 602 606 605 613 608 611 616 621 622 623 623 619 621 615 614 611 605 599 596 589 576 579 580 576 569 571 565
506 504 505 -9999 515 520 523 521 522 522 523 523 519 524 520 518 516 518 514 515 516 520 522 522 524 522 521 522 520 522 521 520 528 530 533 538 540 543 546 546 548 552 555 557 556 557 556 560 554 567 570 574 579 584 588 590 590 587 590 585 588 595 605 608 615 613 614 619 624 627 625 622 620 625 625 625 619 618 618 612 610 605 599 596 597 595 588 589 583 579 583
504 508 512 512 -9999 520 520 517 521 522 522 521 520 524 521 519 517 514 515 514 517 522 523 523 523 524 518 520 518 518 519 523 529 534 540 541 543 543 549 548 551 555 558 561 564 562 563 561 567 578 581 586 589 592 595 588 597 598 595 590 594 600 608 620 625 626 626 624 625 624 625 628 630 630 625 623 618 621 617 616 614 609 602 599 599 604 601 594 597 592 591
507 512 513 -9999 -9999 521 519 513 519 523 523 523 522 523 521 517 519 513 510 517 515 521 520 521 522 520 519 518 520 520 522 523 531 537 539 547 548 550 550 551 556 554 558 559 562 563 562 566 571 576 583 590 598 593 593 592 600 598 602 597 603 610 615 625 625 626 626 622 626 624 624 627 627 626 623 625 622 624 621 620 615 616 616 611 608 607 611 611 606 606 600
512 513 518 518 522 521 521 520 520 522 521 520 519 517 522 517 513 514 511 513 514 517 517 521 521 521 518 518 518 517 521 527 533 541 546 550 553 556 558 559 559 558 562 563 566 565 566 568 571 576 584 585 595 597 597 601 599 600 595 594 590 601 607 608 616 623 627 625 624 624 625 627 629 627 623 622 623 623 624 621 623 620 621 619 618 613 610 608 609 608 615
512 515 516 520 523 522 525 523 521 520 520 520 520 519 515 515 511 512 512 511 515 517 516 518 518 518 519 515 514 519 521 526 534 543 545 552 553 555 558 560 561 566 562 560 564 564 559 566 570 577 581 584 592 593 594 599 597 597 596 593 597 599 611 610 621 620 622 628 626 621 625 627 628 628 627 622 627 626 629 627 627 623 624 622 618 617 615 614 613 613 612
514 516 517 523 522 526 529 525 522 521 522 518 520 519 514 514 514 510 512 514 517 516 521 519 518 520 518 520 521 517 521 524 532 540 544 553 557 562 566 564 562 565 563 562 560 560 554 556 561 567 571 580 582 588 586 592 599 597 589 592 597 602 608 611 620 622 621 622 624 621 621 623 621 622 627 625 627 628 630 629 628 625 623 625 622 621 616 616 613 610 612
516 520 518 521 524 522 522 521 522 517 519 518 514 515 515 511 511 510 510 513 515 519 519 520 520 520 522 521 522 520 519 523 529 529 534 546 561 561 566 563 564 562 561 564 557 557 559 552 555 557 562 567 569 576 582 584 590 590 585 590 595 596 601 603 612 615 617 616 615 614 612 611 613 617 613 616 617 620 623 629 622 623 621 621 620 618 613 609 608 602 602
521 524 519 522 522 521 522 520 520 518 519 517 515 512 510 510 509 511 511 514 516 520 520 519 521 517 519 520 523 516 521 528 530 528 514 504 533 549 556 559 555 561 561 557 554 559 556 553 552 552 554 555 557 563 565 570 574 576 582 581 585 591 590 596 597 604 606 605 602 605 604 604 606 609 608 611 610 611 614 624 624 624 617 617 617 612 610 604 599 590 592
522 517 520 520 522 526 516 517 519 517 516 517 515 515 513 511 512 513 512 514 513 517 517 517 516 517 521 525 527 522 523 526 526 535 534 537 543 540 541 548 549 549 551 552 553 555 553 550 549 547 546 549 549 552 558 561 564 569 570 573 574 578 578 590 588 589 588 589 589 595 593 596 599 599 607 607 607 613 613 615 620 618 609 614 613 608 602 599 592 589 587
522 520 521 519 516 519 518 514 515 515 513 515 514 513 510 511 513 513 515 515 517 516 516 514 514 521 522 521 526 524 522 527 523 525 528 535 543 546 550 550 549 544 549 546 553 548 549 546 547 541 538 544 545 543 545 551 555 559 566 566 570 569 573 577 579 573 575 571 572 578 583 589 590 595 600 598 595 596 600 597 605 613 609 608 607 603 601 595 588 582 585
516 515 519 519 514 515 517 509 510 515 513 513 510 513 511 513 517 516 516 513 512 514 504 504 513 520 517 522 527 526 520 523 523 519 528 535 539 541 546 544 542 541 542 545 548 548 548 545 539 538 535 535 537 536 533 539 543 549 559 560 558 558 561 563 566 564 558 558 564 567 573 573 583 583 583 587 588 584 592 594 598 600 600 600 602 596 598 590 584 577 573
