data-raw/migclim_example_data/MigClim_Example/hsMap1.asc
ncols         255
nrows         223
xllcorner     -10.499999661
yllcorner     34.000000248
cellsize      0.166666667
NODATA_value  -9999
[rows 160 to 199 of 223, columns 0 to 90 of 255]
-9999 -9999 -9999 -9999 -9999 -9999 -9999 -9999 -9999 -9999 -9999 -9999 -9999 -9999 -9999 -9999 -9999 -9999 -9999 -9999 -9999 -9999 -9999 -9999 -9999 -9999 -9999 -9999 -9999 -9999 -9999 -9999 -9999 -9999 -9999 -9999 -9999 -9999 -9999 -9999 -9999 -9999 -9999 -9999 -9999 -9999 -9999 -9999 -9999 -9999 -9999 -9999 -9999 -9999 -9999 388 392 392 395 399 402 409 424 413 408 423 427 437 445 460 464 465 470 481 479 480 480 480 474 466 467 463 464 479 492 503 470 474 431 442 436
-9999 -9999 -9999 -9999 -9999 -9999 -9999 -9999 -9999 -9999 -9999 -9999 -9999 -9999 -9999 -9999 -9999 -9999 -9999 -9999 -9999 -9999 -9999 -9999 -9999 -9999 -9999 -9999 -9999 -9999 -9999 -9999 -9999 -9999 -9999 -9999 -9999 -9999 -9999 -9999 -9999 -9999 -9999 -9999 -9999 -9999 -9999 -9999 -9999 -9999 -9999 -9999 -9999 -9999 -9999 378 383 387 396 396 406 410 414 411 416 415 425 436 448 445 446 455 456 480 478 480 477 475 468 466 470 464 462 486 473 459 470 438 399 407 371
-9999 -9999 -9999 -9999 -9999 -9999 -9999 -9999 -9999 -9999 -9999 -9999 -9999 -9999 -9999 -9999 -9999 -9999 -9999 -9999 -9999 -9999 -9999 -9999 -9999 -9999 -9999 -9999 -9999 -9999 -9999 -9999 -9999 -9999 -9999 -9999 -9999 -9999 -9999 -9999 -9999 -9999 -9999 -9999 -9999 -9999 -9999 -9999 -9999 -9999 -9999 -9999 -9999 -9999 -9999 379 384 389 388 394 397 398 409 412 407 413 417 423 420 421 423 427 436 464 453 467 476 475 469 464 463 463 463 479 471 463 428 372 382 377 363
-9999 -9999 -9999 -9999 -9999 -9999 -9999 -9999 -9999 -9999 -9999 -9999 -9999 -9999 -9999 -9999 -9999 -9999 -9999 -9999 -9999 -9999 -9999 -9999 -9999 -9999 -9999 -9999 -9999 -9999 -9999 -9999 -9999 -9999 -9999 -9999 -9999 -9999 -9999 -9999 -9999 -9999 -9999 -9999 -9999 -9999 -9999 -9999 -9999 -9999 -9999 -9999 -9999 -9999 377 377 385 380 375 379 382 387 395 410 406 416 420 422 431 423 417 418 432 433 435 429 443 473 470 459 461 461 459 457 459 398 364 340 323 326 323
-9999 -9999 -9999 -9999 -9999 -9999 -9999 -9999 -9999 -9999 -9999 -9999 -9999 -9999 -9999 355 337 335 -9999 -9999 -9999 -9999 -9999 -9999 -9999 -9999 -9999 -9999 -9999 -9999 -9999 -9999 -9999 -9999 -9999 -9999 -9999 -9999 -9999 -9999 -9999 -9999 -9999 -9999 -9999 -9999 -9999 -9999 -9999 -9999 -9999 -9999 -9999 -9999 375 375 365 359 366 368 374 384 388 400 407 412 412 423 419 434 418 417 418 414 422 422 446 475 466 458 462 457 452 434 388 357 316 304 298 303 300
-9999 -9999 -9999 -9999 -9999 -9999 -9999 -9999 -9999 -9999 -9999 -9999 -9999 317 329 345 368 359 337 318 320 320 328 338 355 380 377 355 333 335 340 -9999 -9999 -9999 -9999 -9999 -9999 -9999 -9999 -9999 -9999 -9999 -9999 -9999 -9999 -9999 -9999 -9999 -9999 -9999 -9999 -9999 -9999 -9999 369 359 357 360 361 368 376 386 389 394 406 413 413 422 415 425 419 413 420 421 419 406 410 473 468 462 461 417 370 324 328 304 287 287 287 287 291
-9999 -9999 -9999 -9999 -9999 -9999 -9999 -9999 -9999 -9999 -9999 -9999 -9999 304 331 358 371 376 360 331 327 373 360 382 393 397 375 382 363 380 368 365 359 380 410 369 342 370 355 355 356 384 387 399 -9999 388 407 392 -9999 -9999 -9999 -9999 365 372 374 368 360 363 360 362 372 391 397 393 406 406 417 420 420 429 413 415 415 418 407 456 481 477 472 433 375 322 309 301 298 292 -9999 -9999 -9999 -9999 289
-9999 -9999 -9999 -9999 -9999 -9999 -9999 -9999 -9999 275 282 299 302 299 318 352 339 335 341 342 366 360 373 391 383 405 420 415 391 413 435 440 446 419 428 458 430 423 412 412 451 487 428 431 405 394 393 408 404 393 390 392 415 412 423 392 380 370 368 369 379 386 414 403 413 428 428 427 432 421 424 427 419 423 414 377 367 356 328 318 307 303 297 292 -9999 -9999 -9999 -9999 -9999 -9999 -9999
-9999 -9999 -9999 -9999 -9999 -9999 -9999 267 287 294 302 303 297 304 325 341 326 320 333 350 352 346 341 360 320 326 333 349 382 370 378 394 397 413 419 438 429 441 465 467 459 455 461 446 422 418 455 423 412 409 421 459 457 450 459 460 452 434 439 460 460 465 454 465 458 471 448 442 440 447 450 446 447 439 441 425 399 428 378 335 315 298 -9999 -9999 -9999 -9999 -9999 -9999 -9999 -9999 -9999
-9999 -9999 -9999 -9999 -9999 -9999 -9999 255 289 292 286 282 284 292 297 316 320 306 300 331 319 336 304 307 310 313 323 334 339 354 370 378 389 398 422 420 416 425 442 453 453 463 460 452 445 446 432 428 442 452 455 449 425 441 446 443 439 445 468 464 468 457 474 451 467 463 450 458 462 473 484 471 487 494 493 496 450 488 446 372 329 -9999 -9999 -9999 -9999 -9999 -9999 -9999 -9999 -9999 -9999
-9999 -9999 -9999 -9999 -9999 -9999 -9999 -9999 259 269 275 259 272 282 299 315 299 297 292 319 308 297 317 333 311 307 316 339 349 369 383 394 402 406 406 423 427 422 431 428 434 432 441 442 437 402 415 437 435 438 442 432 383 391 415 429 451 449 437 465 434 422 423 422 443 440 470 478 452 461 494 491 508 507 517 496 485 498 390 326 293 -9999 -9999 -9999 -9999 -9999 -9999 -9999 -9999 -9999 -9999
-9999 -9999 -9999 -9999 -9999 -9999 -9999 -9999 245 252 244 270 295 317 312 321 280 275 272 309 297 314 282 289 329 327 343 358 363 366 377 394 405 405 414 428 426 429 427 433 425 430 440 438 422 389 401 409 406 382 371 348 353 406 395 375 427 426 445 452 441 450 473 477 470 448 439 440 437 475 502 451 469 464 465 512 509 505 496 353 313 305 -9999 -9999 -9999 -9999 -9999 -9999 -9999 -9999 -9999
-9999 -9999 -9999 -9999 -9999 -9999 -9999 -9999 -9999 -9999 246 252 302 297 261 258 263 270 282 281 294 292 314 299 295 326 345 342 350 353 366 385 391 406 420 428 425 434 429 426 430 424 430 437 439 415 375 387 360 352 342 345 341 344 359 399 429 450 436 451 447 448 443 457 459 447 466 453 487 493 502 488 510 508 505 492 492 519 516 460 396 349 -9999 -9999 -9999 -9999 -9999 -9999 -9999 -9999 -9999
-9999 -9999 -9999 -9999 -9999 -9999 -9999 -9999 -9999 -9999 245 252 271 287 248 251 259 291 279 282 301 274 281 286 295 327 342 337 341 355 365 366 374 390 402 408 414 417 432 432 431 429 417 419 423 417 432 435 443 444 376 339 320 333 336 343 366 387 360 384 444 451 454 441 424 447 465 470 481 463 469 482 525 511 497 496 504 525 470 409 332 304 328 -9999 -9999 -9999 -9999 -9999 -9999 -9999 -9999
-9999 -9999 -9999 -9999 -9999 -9999 -9999 -9999 -9999 -9999 264 239 248 273 313 284 271 278 299 294 293 268 274 318 334 333 331 339 341 350 359 366 379 384 389 396 411 415 411 426 425 430 427 424 411 427 435 435 439 447 450 378 334 310 336 319 333 336 322 324 319 338 345 346 367 430 445 471 443 482 484 492 492 499 500 526 518 530 464 392 330 303 -9999 -9999 -9999 -9999 -9999 -9999 -9999 -9999 -9999
-9999 -9999 -9999 -9999 -9999 -9999 -9999 -9999 -9999 250 243 268 264 306 285 298 289 274 256 275 285 300 310 308 321 339 339 340 336 340 355 362 371 380 395 401 401 412 426 429 432 432 426 429 429 425 434 446 449 454 459 429 372 341 300 295 330 345 298 324 297 296 313 299 312 356 382 414 402 389 397 455 455 435 428 486 476 504 461 357 357 315 -9999 -9999 -9999 -9999 -9999 -9999 -9999 -9999 -9999
-9999 -9999 -9999 -9999 -9999 -9999 -9999 -9999 -9999 -9999 253 246 257 276 306 301 298 265 254 261 260 287 284 292 316 328 339 339 335 344 357 367 386 391 386 386 396 406 406 404 405 408 416 437 440 443 446 453 464 459 460 455 459 388 328 297 291 292 291 323 324 288 281 280 286 288 308 298 316 338 373 417 449 385 384 473 481 499 377 330 351 -9999 -9999 -9999 -9999 -9999 -9999 -9999 -9999 -9999 -9999
-9999 -9999 -9999 -9999 -9999 -9999 -9999 -9999 -9999 -9999 242 241 239 252 275 283 263 260 263 246 252 271 273 282 300 319 331 333 337 344 360 362 372 373 361 373 385 391 392 391 396 407 412 416 421 430 440 452 448 460 462 463 456 386 342 312 324 295 275 277 291 313 293 283 276 275 277 288 303 341 402 426 393 382 371 378 335 348 356 -9999 -9999 -9999 -9999 -9999 -9999 -9999 -9999 -9999 -9999 -9999 -9999
-9999 -9999 -9999 -9999 -9999 -9999 -9999 -9999 -9999 -9999 240 241 241 249 262 251 294 275 251 246 250 260 262 276 293 310 324 334 341 352 359 358 357 370 365 372 378 385 387 396 419 411 411 432 438 439 441 440 447 441 437 433 405 385 370 338 345 353 303 269 267 283 284 271 275 267 288 325 350 371 371 406 384 332 332 320 311 -9999 -9999 -9999 -9999 -9999 -9999 -9999 -9999 -9999 -9999 -9999 -9999 -9999 -9999
-9999 -9999 -9999 -9999 -9999 -9999 -9999 -9999 -9999 -9999 242 242 250 244 245 275 250 249 247 255 243 252 266 273 290 310 329 349 364 371 370 372 367 361 369 364 363 370 373 383 394 411 378 401 414 440 446 448 448 421 416 412 401 396 440 422 406 372 324 286 268 263 258 262 270 273 266 314 367 369 308 322 312 313 337 299 -9999 -9999 -9999 -9999 -9999 -9999 -9999 -9999 -9999 -9999 -9999 -9999 -9999 -9999 -9999
-9999 -9999 -9999 -9999 -9999 -9999 -9999 -9999 -9999 -9999 -9999 238 238 240 260 267 252 251 250 248 239 248 259 275 290 307 320 338 353 374 376 379 380 375 376 379 374 378 381 408 386 390 388 423 435 424 418 445 446 449 446 447 461 459 441 458 452 409 387 337 311 285 283 280 279 287 259 278 291 280 287 -9999 -9999 -9999 -9999 -9999 -9999 -9999 -9999 -9999 -9999 -9999 -9999 -9999 -9999 -9999 -9999 -9999 -9999 -9999 -9999
-9999 -9999 -9999 -9999 -9999 -9999 -9999 -9999 -9999 -9999 -9999 235 244 265 268 276 278 260 263 248 247 253 258 272 286 301 322 335 356 372 376 381 394 395 387 393 396 382 398 319 377 387 382 380 373 389 417 439 456 448 444 439 447 453 456 458 445 455 409 384 371 318 324 317 314 279 265 262 -9999 -9999 -9999 -9999 -9999 -9999 -9999 -9999 -9999 -9999 -9999 -9999 -9999 -9999 -9999 -9999 -9999 -9999 -9999 -9999 -9999 -9999 -9999
-9999 -9999 -9999 -9999 -9999 -9999 -9999 -9999 -9999 -9999 -9999 230 238 258 252 254 252 249 251 246 247 253 259 269 280 298 315 347 361 369 377 391 413 425 422 419 420 403 365 367 377 341 344 350 354 394 405 396 434 446 448 444 446 439 459 453 447 442 444 443 418 355 362 386 390 266 247 246 -9999 -9999 -9999 -9999 -9999 -9999 -9999 -9999 -9999 -9999 -9999 -9999 -9999 -9999 -9999 -9999 -9999 -9999 -9999 -9999 -9999 -9999 -9999
-9999 -9999 -9999 -9999 -9999 -9999 -9999 -9999 -9999 -9999 229 228 230 258 244 236 238 241 250 253 255 256 257 262 279 309 322 337 347 365 391 404 379 413 426 430 417 407 366 339 319 315 325 330 359 381 383 397 424 453 443 434 431 433 447 459 451 443 434 428 431 411 405 367 282 253 250 -9999 -9999 -9999 -9999 -9999 -9999 -9999 -9999 -9999 -9999 -9999 -9999 -9999 -9999 -9999 -9999 -9999 -9999 -9999 -9999 -9999 -9999 -9999 -9999
-9999 -9999 -9999 -9999 -9999 -9999 -9999 -9999 -9999 -9999 228 228 229 231 230 232 243 304 258 249 253 257 259 265 279 289 286 307 354 372 390 340 340 378 431 410 348 342 311 305 297 305 307 347 350 353 352 371 371 415 452 430 428 430 442 460 458 435 432 444 437 434 387 302 270 247 -9999 -9999 -9999 -9999 -9999 -9999 -9999 -9999 -9999 -9999 -9999 -9999 -9999 -9999 -9999 -9999 -9999 -9999 -9999 -9999 -9999 -9999 -9999 -9999 -9999
-9999 -9999 -9999 -9999 -9999 -9999 -9999 -9999 -9999 229 228 227 227 228 229 241 254 267 237 238 247 251 257 257 254 255 256 306 333 316 342 336 388 376 330 346 325 297 306 303 302 297 311 332 332 333 360 372 391 418 453 438 428 432 435 458 456 451 444 436 437 379 298 273 251 -9999 -9999 -9999 -9999 -9999 -9999 -9999 -9999 -9999 -9999 -9999 -9999 -9999 -9999 -9999 -9999 -9999 -9999 -9999 -9999 -9999 -9999 -9999 -9999 -9999 -9999
-9999 -9999 -9999 -9999 -9999 -9999 -9999 -9999 -9999 228 226 226 229 238 250 249 240 239 232 229 231 231 232 233 239 239 251 280 294 275 262 260 271 284 303 282 283 296 292 293 296 292 305 307 316 345 371 382 401 407 431 457 454 450 450 420 437 437 408 372 339 289 260 252 -9999 -9999 -9999 -9999 -9999 -9999 -9999 -9999 -9999 -9999 -9999 -9999 -9999 -9999 -9999 -9999 -9999 -9999 -9999 -9999 -9999 -9999 240 242 -9999 -9999 -9999
-9999 -9999 -9999 -9999 -9999 -9999 -9999 -9999 -9999 227 228 229 230 234 235 247 235 226 226 225 227 226 228 230 231 237 245 240 244 248 250 257 263 267 280 277 283 279 281 284 283 306 318 325 331 342 354 366 383 387 414 424 424 457 438 414 419 441 432 345 316 263 240 -9999 -9999 -9999 -9999 -9999 -9999 -9999 -9999 -9999 -9999 -9999 -9999 -9999 -9999 -9999 -9999 -9999 255 233 -9999 -9999 -9999 -9999 241 243 244 -9999 -9999
-9999 -9999 -9999 -9999 -9999 -9999 -9999 -9999 -9999 228 228 230 227 229 229 233 225 224 224 223 224 224 226 228 231 235 237 243 251 256 260 264 267 281 292 294 289 300 305 305 300 296 305 315 318 333 351 349 364 365 400 403 406 396 406 401 348 338 323 298 276 249 -9999 -9999 -9999 -9999 -9999 -9999 -9999 -9999 -9999 -9999 -9999 -9999 -9999 -9999 -9999 -9999 257 257 244 232 235 237 -9999 -9999 -9999 -9999 -9999 -9999 -9999
-9999 -9999 -9999 -9999 -9999 -9999 -9999 -9999 227 229 235 230 226 226 227 226 225 224 224 224 224 224 226 229 229 230 235 241 248 261 292 296 280 309 321 330 330 330 333 325 311 307 309 303 309 325 332 342 351 357 371 371 382 359 374 359 372 330 268 250 248 243 -9999 -9999 -9999 -9999 -9999 -9999 -9999 -9999 -9999 -9999 -9999 -9999 -9999 -9999 -9999 244 244 237 239 235 236 235 -9999 -9999 -9999 -9999 -9999 -9999 -9999
-9999 -9999 -9999 -9999 -9999 -9999 -9999 226 226 231 228 224 225 225 224 225 225 226 227 227 227 224 225 225 229 232 235 240 252 269 281 268 265 263 275 299 317 304 336 334 320 313 297 296 307 305 311 323 332 353 349 346 346 331 311 303 323 329 273 252 243 -9999 -9999 -9999 -9999 -9999 -9999 -9999 -9999 -9999 -9999 -9999 -9999 -9999 -9999 -9999 -9999 -9999 -9999 237 237 234 236 -9999 -9999 -9999 -9999 -9999 -9999 -9999 -9999
-9999 -9999 -9999 -9999 -9999 -9999 -9999 226 227 226 225 224 225 226 225 226 225 225 227 228 225 224 225 226 228 232 236 234 234 236 242 246 248 262 267 275 287 283 313 305 314 308 290 291 291 305 313 319 324 330 331 329 327 325 322 316 303 311 281 251 242 240 -9999 -9999 -9999 -9999 -9999 -9999 -9999 -9999 -9999 -9999 -9999 -9999 -9999 -9999 -9999 -9999 -9999 -9999 -9999 234 -9999 -9999 -9999 -9999 -9999 -9999 -9999 -9999 -9999
-9999 -9999 -9999 -9999 -9999 -9999 225 226 227 226 225 226 226 225 225 225 225 225 225 223 223 222 222 223 223 227 226 226 227 230 233 240 246 254 265 265 282 281 284 281 281 278 281 290 295 315 331 340 349 332 322 320 326 335 350 371 324 334 268 245 245 245 -9999 -9999 -9999 -9999 -9999 -9999 -9999 -9999 -9999 239 237 -9999 -9999 -9999 -9999 -9999 -9999 -9999 -9999 -9999 -9999 -9999 -9999 -9999 -9999 -9999 -9999 -9999 -9999
-9999 -9999 -9999 -9999 -9999 -9999 228 229 227 225 225 225 225 226 226 225 226 226 225 224 221 220 221 220 221 222 222 224 226 229 232 236 243 249 253 263 261 269 270 272 273 278 278 288 308 324 340 358 361 341 316 314 332 356 358 340 333 335 281 255 254 257 240 -9999 -9999 -9999 -9999 -9999 -9999 -9999 239 237 -9999 -9999 -9999 -9999 -9999 -9999 -9999 -9999 -9999 -9999 -9999 -9999 -9999 -9999 -9999 -9999 -9999 -9999 -9999
-9999 -9999 -9999 -9999 -9999 -9999 228 227 225 225 225 226 227 228 228 227 228 228 225 222 221 221 221 222 222 223 226 227 228 230 234 237 236 239 241 252 262 265 270 278 270 278 277 291 297 322 339 345 352 365 360 337 336 336 334 322 334 292 303 310 287 302 264 243 -9999 -9999 -9999 -9999 -9999 -9999 -9999 234 -9999 -9999 -9999 -9999 -9999 -9999 -9999 -9999 -9999 -9999 -9999 -9999 -9999 -9999 -9999 -9999 -9999 -9999 -9999
-9999 -9999 -9999 -9999 -9999 -9999 -9999 226 225 226 226 227 228 229 230 230 228 227 224 222 223 224 224 224 224 225 226 228 228 233 232 231 233 237 240 248 264 266 260 262 263 271 279 289 296 310 308 334 399 374 348 315 298 291 298 307 291 284 312 316 311 278 250 -9999 -9999 -9999 -9999 -9999 -9999 -9999 -9999 -9999 -9999 -9999 -9999 -9999 -9999 -9999 -9999 -9999 -9999 -9999 -9999 -9999 -9999 -9999 -9999 -9999 -9999 -9999 -9999
-9999 -9999 -9999 -9999 -9999 -9999 -9999 -9999 229 -9999 227 227 229 229 230 230 228 226 224 224 225 226 229 227 227 227 226 228 229 229 231 232 233 237 239 241 250 262 260 249 271 278 271 266 275 275 284 328 371 310 295 278 264 262 271 278 293 284 265 256 247 -9999 -9999 -9999 -9999 -9999 -9999 -9999 -9999 -9999 -9999 -9999 -9999 -9999 -9999 -9999 -9999 -9999 -9999 -9999 -9999 -9999 -9999 -9999 -9999 -9999 -9999 -9999 -9999 -9999 -9999
-9999 -9999 -9999 -9999 -9999 -9999 -9999 -9999 -9999 -9999 228 229 230 229 230 229 230 227 225 224 224 225 225 226 227 228 229 229 227 227 230 230 233 234 235 240 241 240 241 236 234 237 237 250 256 268 301 368 359 336 350 296 255 250 246 258 259 257 246 244 -9999 -9999 -9999 -9999 -9999 -9999 -9999 -9999 -9999 -9999 -9999 -9999 -9999 -9999 -9999 -9999 -9999 -9999 -9999 -9999 -9999 -9999 -9999 -9999 -9999 -9999 -9999 -9999 -9999 -9999 -9999
-9999 -9999 -9999 -9999 -9999 -9999 -9999 -9999 -9999 -9999 231 232 231 231 231 231 229 227 226 226 226 227 227 232 233 233 226 227 229 227 224 227 231 228 226 225 224 224 224 224 225 228 236 243 249 316 346 403 406 384 357 310 273 261 251 237 237 241 243 -9999 -9999 -9999 -9999 -9999 -9999 -9999 -9999 -9999 -9999 -9999 -9999 -9999 -9999 -9999 -9999 -9999 -9999 -9999 -9999 -9999 -9999 -9999 -9999 -9999 -9999 -9999 -9999 -9999 -9999 -9999 -9999
-9999 -9999 -9999 -9999 -9999 -9999 -9999 -9999 -9999 -9999 232 233 232 232 233 232 230 228 229 226 228 231 233 231 226 226 226 223 226 229 224 222 222 222 220 220 221 222 224 222 223 227 232 236 248 332 404 363 341 339 322 297 309 286 250 243 246 249 248 -9999 -9999 -9999 -9999 -9999 -9999 -9999 -9999 -9999 -9999 -9999 -9999 -9999 -9999 -9999 -9999 -9999 -9999 -9999 -9999 -9999 -9999 -9999 -9999 -9999 -9999 -9999 -9999 -9999 -9999 -9999 -9999
