data-raw/migclim_example_data/MigClim_Example/hsMap1.asc
ncols         255
nrows         223
xllcorner     -10.499999661
yllcorner     34.000000248
cellsize      0.166666667
NODATA_value  -9999
[rows 80 to 119 of 223, columns 91 to 181 of 255]
-9999 -9999 -9999 -9999 -9999 -9999 -9999 -9999 -9999 -9999 -9999 -9999 -9999 -9999 -9999 -9999 -9999 -9999 -9999 -9999 -9999 -9999 -9999 -9999 -9999 -9999 -9999 -9999 -9999 -9999 -9999 -9999 -9999 -9999 -9999 -9999 -9999 -9999 -9999 -9999 -9999 -9999 366 366 368 364 367 363 362 363 361 359 361 359 358 359 357 358 357 359 358 357 357 358 358 357 357 358 358 357 359 356 -9999 -9999 -9999 -9999 -9999 -9999 -9999 -9999 -9999 -9999 354 349 348 349 -9999 -9999 -9999 -9999 -9999
-9999 -9999 -9999 -9999 -9999 -9999 -9999 -9999 -9999 -9999 -9999 -9999 -9999 -9999 -9999 -9999 -9999 -9999 -9999 -9999 -9999 -9999 -9999 -9999 -9999 -9999 -9999 -9999 -9999 -9999 -9999 361 361 361 362 -9999 -9999 -9999 -9999 -9999 -9999 -9999 -9999 368 364 364 367 362 364 363 363 362 362 360 358 359 359 357 357 357 357 356 357 357 359 358 356 357 356 355 355 355 -9999 -9999 -9999 -9999 -9999 -9999 -9999 -9999 -9999 353 352 351 348 -9999 -9999 -9999 -9999 -9999 -9999
-9999 -9999 -9999 -9999 -9999 -9999 -9999 -9999 -9999 -9999 -9999 -9999 -9999 -9999 -9999 -9999 -9999 -9999 -9999 -9999 -9999 -9999 -9999 -9999 -9999 -9999 -9999 -9999 -9999 -9999 366 363 365 361 361 -9999 -9999 -9999 -9999 -9999 -9999 -9999 -9999 367 368 367 365 366 364 361 363 361 361 360 359 361 359 359 358 358 358 359 357 357 356 357 356 355 355 353 355 353 -9999 -9999 -9999 -9999 -9999 -9999 -9999 -9999 -9999 350 351 353 352 -9999 -9999 -9999 -9999 -9999 -9999
-9999 -9999 -9999 -9999 -9999 -9999 -9999 -9999 -9999 -9999 -9999 -9999 -9999 -9999 -9999 -9999 -9999 -9999 -9999 -9999 -9999 -9999 -9999 -9999 -9999 -9999 -9999 -9999 -9999 368 370 366 365 363 362 -9999 -9999 361 362 -9999 -9999 -9999 -9999 -9999 -9999 369 366 365 362 362 361 360 362 360 360 359 358 358 357 357 357 356 358 356 357 356 356 355 354 353 353 -9999 -9999 352 348 -9999 -9999 -9999 -9999 -9999 -9999 344 351 351 -9999 -9999 -9999 -9999 -9999 -9999 -9999
-9999 -9999 -9999 -9999 -9999 -9999 -9999 -9999 -9999 -9999 -9999 -9999 -9999 -9999 -9999 -9999 -9999 -9999 -9999 -9999 -9999 -9999 -9999 361 367 365 370 368 372 371 369 367 365 364 364 -9999 -9999 -9999 -9999 -9999 -9999 -9999 -9999 -9999 -9999 369 367 366 364 363 363 360 361 363 362 360 361 357 357 358 359 359 357 357 357 355 356 354 351 352 351 -9999 -9999 350 -9999 -9999 -9999 -9999 -9999 -9999 -9999 343 345 -9999 -9999 -9999 -9999 -9999 -9999 -9999 -9999
-9999 -9999 -9999 -9999 -9999 -9999 -9999 -9999 -9999 -9999 -9999 -9999 -9999 -9999 -9999 -9999 -9999 -9999 -9999 -9999 -9999 -9999 360 364 367 368 368 370 367 368 367 368 368 364 -9999 -9999 -9999 -9999 -9999 -9999 -9999 -9999 -9999 -9999 -9999 -9999 371 367 365 362 361 363 360 362 363 363 361 359 358 359 359 360 357 355 355 357 355 351 352 351 351 -9999 349 348 -9999 -9999 -9999 -9999 -9999 -9999 -9999 341 -9999 -9999 -9999 -9999 -9999 -9999 -9999 -9999 -9999
-9999 -9999 -9999 -9999 -9999 -9999 -9999 -9999 -9999 -9999 -9999 -9999 -9999 -9999 -9999 -9999 -9999 -9999 -9999 -9999 -9999 363 363 368 368 369 370 374 371 368 367 367 367 367 -9999 -9999 -9999 -9999 -9999 -9999 -9999 -9999 -9999 -9999 -9999 -9999 -9999 -9999 367 366 362 359 360 363 363 364 361 360 359 361 358 360 358 356 355 356 354 353 350 348 349 349 347 -9999 -9999 -9999 -9999 -9999 -9999 -9999 -9999 -9999 -9999 -9999 -9999 -9999 -9999 -9999 -9999 -9999 -9999
-9999 -9999 -9999 -9999 -9999 -9999 -9999 -9999 -9999 -9999 -9999 -9999 -9999 -9999 -9999 -9999 -9999 -9999 -9999 -9999 -9999 367 368 372 367 370 373 372 372 370 369 368 365 365 366 -9999 -9999 -9999 -9999 -9999 -9999 -9999 -9999 -9999 -9999 -9999 -9999 -9999 -9999 369 366 362 363 362 364 364 361 361 361 361 359 358 356 357 355 355 355 353 352 351 351 350 -9999 -9999 -9999 -9999 -9999 -9999 -9999 -9999 -9999 -9999 -9999 -9999 -9999 -9999 -9999 -9999 -9999 -9999 -9999
-9999 -9999 -9999 -9999 -9999 -9999 -9999 -9999 -9999 -9999 -9999 -9999 -9999 -9999 -9999 -9999 -9999 -9999 -9999 -9999 371 371 369 372 369 373 372 374 369 367 369 365 364 363 366 365 366 367 -9999 -9999 -9999 -9999 -9999 -9999 -9999 -9999 -9999 -9999 368 367 367 364 363 364 364 365 364 362 362 359 359 357 358 357 358 356 356 354 355 -9999 353 353 -9999 -9999 -9999 -9999 -9999 -9999 -9999 -9999 -9999 -9999 -9999 -9999 -9999 -9999 -9999 -9999 -9999 -9999 -9999
-9999 -9999 -9999 -9999 -9999 -9999 -9999 -9999 -9999 -9999 -9999 -9999 -9999 -9999 -9999 -9999 -9999 -9999 -9999 -9999 -9999 373 369 370 372 374 371 369 370 368 368 366 363 366 368 367 368 -9999 -9999 -9999 -9999 -9999 -9999 -9999 -9999 -9999 -9999 375 374 370 367 367 365 366 364 365 367 364 364 361 359 358 360 358 357 359 355 357 -9999 -9999 355 -9999 -9999 -9999 -9999 -9999 -9999 -9999 -9999 -9999 -9999 -9999 -9999 -9999 -9999 -9999 -9999 -9999 -9999 -9999 -9999
-9999 -9999 -9999 -9999 -9999 -9999 -9999 -9999 -9999 -9999 -9999 -9999 -9999 -9999 -9999 -9999 -9999 -9999 -9999 -9999 372 374 372 371 371 369 372 369 367 368 368 366 367 365 -9999 -9999 -9999 -9999 -9999 -9999 -9999 -9999 -9999 -9999 377 379 377 378 377 372 371 370 368 367 366 367 368 367 364 363 363 -9999 -9999 -9999 -9999 -9999 -9999 -9999 -9999 -9999 -9999 -9999 -9999 -9999 -9999 -9999 -9999 -9999 -9999 -9999 -9999 -9999 -9999 -9999 -9999 -9999 -9999 -9999 -9999 -9999 -9999
-9999 -9999 -9999 -9999 -9999 -9999 -9999 -9999 -9999 -9999 -9999 -9999 -9999 -9999 -9999 -9999 -9999 -9999 -9999 -9999 -9999 380 375 377 376 373 373 371 371 368 367 369 369 371 -9999 372 -9999 -9999 -9999 -9999 -9999 375 377 376 379 378 380 382 380 378 372 372 370 369 369 368 368 367 -9999 -9999 -9999 -9999 -9999 -9999 -9999 -9999 -9999 -9999 -9999 -9999 -9999 -9999 -9999 -9999 -9999 -9999 -9999 -9999 -9999 -9999 -9999 -9999 -9999 -9999 -9999 -9999 -9999 -9999 -9999 -9999 -9999
-9999 -9999 -9999 -9999 -9999 -9999 -9999 -9999 -9999 -9999 -9999 -9999 -9999 -9999 -9999 -9999 -9999 -9999 -9999 -9999 -9999 377 376 378 376 375 370 369 369 367 367 365 -9999 -9999 -9999 -9999 -9999 -9999 379 379 379 379 379 375 378 381 383 385 -9999 381 376 374 374 370 369 367 366 369 -9999 -9999 -9999 -9999 -9999 -9999 -9999 -9999 -9999 -9999 -9999 -9999 -9999 -9999 -9999 -9999 -9999 -9999 -9999 -9999 -9999 -9999 -9999 -9999 -9999 -9999 -9999 -9999 -9999 -9999 -9999 -9999 -9999
-9999 -9999 -9999 -9999 -9999 -9999 -9999 -9999 -9999 -9999 -9999 -9999 -9999 -9999 -9999 -9999 -9999 -9999 -9999 -9999 381 382 377 378 380 373 371 372 368 368 370 -9999 369 368 375 -9999 -9999 -9999 383 380 378 379 376 375 375 378 382 385 -9999 380 377 375 378 373 373 371 369 369 -9999 -9999 -9999 -9999 -9999 -9999 -9999 -9999 -9999 -9999 -9999 -9999 -9999 -9999 -9999 -9999 -9999 -9999 -9999 -9999 -9999 -9999 -9999 -9999 -9999 -9999 -9999 -9999 -9999 -9999 -9999 -9999 -9999
-9999 -9999 -9999 -9999 -9999 -9999 -9999 -9999 -9999 -9999 -9999 -9999 -9999 -9999 -9999 -9999 -9999 -9999 -9999 -9999 -9999 -9999 383 381 378 379 373 373 370 370 371 373 370 371 372 377 379 -9999 -9999 381 378 376 377 378 379 378 -9999 -9999 -9999 382 379 380 377 380 378 377 373 371 -9999 -9999 -9999 -9999 -9999 -9999 -9999 -9999 -9999 -9999 -9999 -9999 -9999 -9999 -9999 -9999 -9999 -9999 -9999 -9999 -9999 -9999 -9999 -9999 -9999 -9999 -9999 -9999 -9999 -9999 -9999 -9999 -9999
-9999 -9999 -9999 -9999 -9999 -9999 -9999 -9999 -9999 -9999 -9999 -9999 -9999 -9999 -9999 -9999 -9999 -9999 -9999 -9999 -9999 -9999 -9999 -9999 382 379 376 374 374 376 -9999 371 371 373 374 377 380 -9999 -9999 382 382 378 377 373 378 377 379 -9999 -9999 -9999 -9999 -9999 -9999 -9999 -9999 -9999 -9999 -9999 -9999 -9999 369 369 -9999 -9999 -9999 -9999 -9999 -9999 -9999 -9999 -9999 -9999 -9999 -9999 -9999 -9999 -9999 -9999 -9999 -9999 -9999 -9999 -9999 -9999 -9999 -9999 -9999 -9999 -9999 -9999 -9999
-9999 -9999 -9999 -9999 -9999 -9999 -9999 -9999 -9999 -9999 -9999 -9999 -9999 -9999 -9999 -9999 -9999 -9999 -9999 -9999 -9999 -9999 -9999 383 387 383 380 376 378 377 376 -9999 -9999 378 383 379 380 388 -9999 -9999 -9999 -9999 381 377 374 -9999 -9999 -9999 -9999 -9999 -9999 -9999 -9999 -9999 -9999 -9999 -9999 -9999 -9999 -9999 376 372 372 -9999 -9999 -9999 -9999 -9999 -9999 -9999 -9999 -9999 -9999 -9999 -9999 -9999 -9999 -9999 -9999 -9999 -9999 -9999 -9999 -9999 -9999 -9999 -9999 -9999 -9999 -9999 -9999
-9999 -9999 -9999 -9999 -9999 -9999 -9999 -9999 -9999 -9999 -9999 -9999 -9999 -9999 -9999 -9999 -9999 -9999 -9999 -9999 -9999 -9999 -9999 -9999 389 385 383 378 381 381 385 385 -9999 -9999 384 387 383 -9999 392 392 389 -9999 388 382 377 379 379 -9999 -9999 -9999 -9999 -9999 -9999 -9999 -9999 -9999 -9999 -9999 -9999 -9999 -9999 -9999 -9999 -9999 -9999 -9999 -9999 -9999 -9999 -9999 -9999 -9999 -9999 -9999 -9999 -9999 -9999 -9999 -9999 -9999 -9999 -9999 -9999 -9999 -9999 -9999 -9999 -9999 -9999 -9999 -9999
-9999 -9999 -9999 -9999 -9999 -9999 -9999 -9999 -9999 -9999 -9999 -9999 -9999 -9999 -9999 -9999 -9999 -9999 -9999 -9999 -9999 -9999 -9999 -9999 392 387 390 385 389 386 385 393 -9999 -9999 -9999 -9999 390 -9999 394 395 394 396 392 388 384 -9999 -9999 -9999 -9999 -9999 -9999 -9999 -9999 -9999 -9999 -9999 -9999 -9999 -9999 -9999 -9999 -9999 -9999 -9999 -9999 -9999 -9999 -9999 -9999 -9999 -9999 -9999 -9999 -9999 -9999 392 385 376 379 376 372 371 370 -9999 -9999 -9999 -9999 -9999 -9999 -9999 -9999
-9999 -9999 -9999 -9999 -9999 -9999 -9999 -9999 -9999 -9999 -9999 -9999 -9999 -9999 -9999 -9999 -9999 -9999 -9999 -9999 -9999 -9999 -9999 -9999 -9999 394 391 394 393 399 394 397 -9999 -9999 -9999 -9999 -9999 -9999 -9999 -9999 -9999 -9999 -9999 -9999 -9999 -9999 -9999 -9999 -9999 -9999 -9999 391 396 391 -9999 -9999 -9999 -9999 -9999 -9999 -9999 -9999 -9999 -9999 -9999 -9999 -9999 -9999 -9999 -9999 -9999 409 415 419 408 402 395 398 392 380 377 373 372 -9999 -9999 -9999 -9999 -9999 -9999 -9999 -9999
-9999 -9999 -9999 -9999 -9999 -9999 -9999 -9999 -9999 -9999 -9999 -9999 -9999 -9999 -9999 -9999 -9999 -9999 -9999 -9999 -9999 -9999 -9999 -9999 398 396 397 397 399 399 402 403 396 398 400 -9999 -9999 -9999 398 402 -9999 -9999 -9999 -9999 -9999 -9999 -9999 394 390 396 394 395 394 397 -9999 -9999 -9999 -9999 -9999 -9999 -9999 -9999 -9999 -9999 -9999 -9999 -9999 -9999 -9999 -9999 411 419 423 422 417 407 406 402 395 390 383 374 371 370 381 -9999 -9999 -9999 -9999 -9999 408
-9999 -9999 -9999 -9999 -9999 -9999 -9999 -9999 -9999 -9999 -9999 -9999 -9999 -9999 -9999 -9999 -9999 -9999 -9999 -9999 -9999 -9999 -9999 -9999 402 401 399 402 403 404 405 407 402 399 399 403 397 404 407 -9999 -9999 -9999 -9999 -9999 -9999 398 399 396 393 395 394 395 400 -9999 -9999 -9999 -9999 -9999 -9999 -9999 -9999 -9999 -9999 -9999 -9999 -9999 432 422 411 407 413 416 421 424 419 415 413 409 405 396 390 383 377 380 387 392 402 405 406 408 414
-9999 -9999 -9999 -9999 -9999 -9999 -9999 -9999 -9999 -9999 -9999 -9999 -9999 -9999 -9999 -9999 -9999 -9999 -9999 -9999 -9999 -9999 -9999 -9999 -9999 411 405 407 407 410 405 407 403 406 404 403 403 408 -9999 -9999 -9999 409 408 405 404 404 398 399 402 398 400 399 397 406 411 420 -9999 -9999 -9999 -9999 -9999 428 434 436 443 442 439 427 416 411 416 416 420 423 420 421 418 415 411 407 402 394 391 392 395 403 409 410 417 417 416
-9999 -9999 -9999 -9999 -9999 -9999 -9999 -9999 -9999 -9999 -9999 -9999 -9999 -9999 -9999 -9999 -9999 -9999 -9999 -9999 -9999 -9999 -9999 -9999 -9999 413 417 417 417 413 412 410 409 409 408 410 411 413 417 410 415 411 408 411 413 408 404 402 400 403 404 406 407 411 418 431 438 447 442 443 442 438 437 435 436 434 430 426 421 421 417 422 423 426 428 429 428 425 419 414 411 407 402 399 404 409 409 413 416 417 415
-9999 -9999 -9999 -9999 -9999 -9999 -9999 -9999 -9999 -9999 -9999 -9999 -9999 -9999 -9999 -9999 -9999 -9999 426 424 -9999 -9999 -9999 426 419 424 423 423 423 419 416 418 412 414 414 418 418 416 418 416 413 418 420 415 411 410 409 408 406 407 404 407 411 419 427 436 446 449 -9999 451 444 440 439 437 429 429 428 422 421 424 427 432 439 437 435 436 434 435 429 424 421 416 414 409 414 417 415 416 419 420 419
-9999 -9999 -9999 -9999 -9999 -9999 -9999 -9999 -9999 -9999 -9999 -9999 -9999 -9999 428 428 427 425 430 428 429 434 427 429 430 434 429 426 425 428 425 422 423 416 417 422 423 422 423 422 421 424 420 421 417 415 419 413 415 411 413 415 416 418 427 439 449 447 448 450 448 445 441 440 435 438 434 430 431 432 435 439 442 447 445 442 444 440 436 431 426 424 419 423 425 422 422 424 425 425 426
-9999 -9999 -9999 -9999 -9999 -9999 -9999 417 416 412 416 417 423 429 435 435 432 433 436 433 434 432 435 437 438 442 436 434 428 427 431 427 433 432 430 430 434 429 430 435 427 431 428 427 423 421 419 416 412 415 416 415 416 421 426 445 440 451 449 449 448 444 447 447 442 440 444 442 440 444 446 452 452 454 454 455 448 449 443 443 434 433 438 436 432 429 429 428 432 429 428
-9999 -9999 -9999 -9999 -9999 422 425 422 421 423 421 422 430 437 436 444 442 437 441 442 436 440 441 442 441 446 444 438 436 432 429 430 432 435 436 435 440 435 437 440 441 435 436 431 428 422 425 428 420 425 424 424 426 427 438 443 449 451 453 450 450 455 454 450 449 451 454 453 453 454 455 457 461 463 462 461 458 455 451 450 448 448 444 440 436 435 435 434 436 435 430
416 421 -9999 -9999 432 430 431 430 431 431 430 429 431 436 443 444 438 443 443 445 444 440 446 450 450 452 449 444 440 437 434 430 437 441 441 444 442 438 448 447 446 445 447 438 438 436 432 433 426 432 431 435 439 444 441 445 453 455 450 447 447 452 454 459 459 461 459 464 460 462 467 469 467 468 468 467 466 464 462 461 460 456 455 454 445 446 445 444 438 440 435
431 424 428 -9999 436 437 439 437 437 435 434 433 428 441 441 444 443 444 441 441 443 448 451 451 451 451 450 450 443 444 441 435 442 442 443 448 446 448 454 454 451 452 452 452 448 445 443 443 435 446 444 446 447 450 452 454 456 450 455 449 453 456 463 462 470 466 467 471 474 476 474 471 470 474 472 473 467 466 465 460 463 459 457 456 455 455 448 448 443 442 443
429 431 439 437 -9999 442 447 446 447 442 440 435 435 442 442 446 446 441 444 444 448 454 456 455 455 457 449 452 448 448 447 448 449 452 453 452 452 451 459 459 458 459 457 458 459 455 452 444 447 454 453 455 454 455 453 450 456 457 456 450 454 457 464 473 478 480 479 477 476 475 476 479 481 482 476 473 468 469 466 466 464 461 457 456 455 458 454 450 451 447 447
435 441 441 -9999 -9999 453 452 445 447 448 444 443 441 444 445 447 452 443 438 451 446 454 455 453 456 454 453 451 453 451 454 452 459 462 460 463 457 456 460 461 465 458 461 459 460 459 455 453 455 458 459 457 462 458 458 457 462 456 458 453 458 463 469 478 480 481 481 477 479 477 479 481 483 480 478 480 474 473 471 470 464 467 468 464 462 458 461 460 456 456 451
447 447 455 453 459 460 460 454 453 452 447 444 441 436 450 450 447 450 444 447 446 452 451 456 457 458 454 452 452 449 453 458 461 467 468 466 461 466 465 467 468 462 469 466 468 466 465 463 461 460 463 458 464 465 466 466 463 462 454 452 450 459 464 468 474 479 484 481 480 479 481 482 486 485 478 477 479 473 474 471 473 471 472 470 469 464 462 459 458 457 463
454 459 459 460 468 466 465 459 460 458 454 454 451 444 444 450 448 451 448 445 446 448 448 450 452 452 454 444 443 452 457 459 466 470 467 466 465 470 468 465 466 473 470 467 467 466 458 463 464 467 466 462 469 472 469 471 470 462 459 451 455 458 471 469 482 482 482 488 483 478 481 483 484 484 485 477 481 479 479 477 477 473 475 475 470 470 467 465 464 464 463
464 467 468 470 468 474 476 464 463 462 462 456 459 457 451 451 457 453 453 454 455 450 456 454 450 449 443 452 454 447 456 456 463 468 468 474 480 485 482 474 467 470 473 471 468 466 458 459 460 464 465 468 472 475 471 472 475 468 460 461 462 468 474 475 484 486 484 483 485 480 479 480 478 479 485 482 481 481 481 481 479 478 476 480 476 477 471 470 466 463 466
471 474 470 472 476 473 471 466 471 462 463 463 456 460 460 454 457 457 455 457 456 459 455 455 450 447 452 448 452 447 449 454 461 449 453 458 492 490 487 475 471 471 473 474 466 465 467 458 459 457 463 466 464 468 473 470 472 469 463 463 468 469 472 473 483 483 481 479 476 473 470 468 471 476 473 474 475 477 479 482 475 477 477 477 477 476 471 467 466 460 460
479 479 478 482 484 474 477 470 472 468 473 469 466 462 463 464 462 463 460 461 460 461 459 455 455 436 446 447 451 434 450 462 461 450 431 418 438 459 477 472 465 477 475 471 464 467 464 460 457 458 459 459 461 465 465 465 468 464 466 465 467 470 468 472 470 476 473 471 466 467 466 464 467 472 470 472 471 472 473 481 479 481 474 476 477 473 471 466 461 455 457
482 482 489 488 487 485 471 474 475 474 472 475 473 475 472 470 471 471 465 461 455 456 452 447 439 437 449 456 458 453 453 459 459 467 462 459 456 445 447 461 467 470 467 467 465 463 462 458 459 454 452 457 458 462 466 466 464 467 463 466 465 467 466 472 468 469 465 462 461 462 459 462 464 466 473 472 473 478 476 476 479 477 470 477 477 472 466 465 459 456 454
484 484 485 481 482 482 479 476 473 473 471 477 479 475 470 469 469 464 458 454 453 442 437 430 430 446 452 448 456 452 451 463 453 453 453 462 469 470 475 477 476 467 470 462 467 460 458 455 456 452 449 455 457 459 460 463 462 464 468 468 470 467 466 468 466 460 459 451 451 453 453 460 462 466 472 471 468 468 469 467 470 477 475 475 474 471 469 465 459 454 455
478 478 483 485 477 482 487 479 472 475 474 478 475 478 468 463 460 453 450 442 435 435 413 413 431 446 441 451 459 455 441 454 455 443 459 469 469 471 475 473 472 468 464 464 463 461 459 455 450 448 450 450 454 458 455 458 458 460 467 465 466 465 465 465 463 460 455 450 447 446 452 452 462 465 466 467 467 466 470 469 470 471 472 471 473 468 471 465 460 453 450
